5 4 
3 3 
6 50 
5 8 
7 
4 4 3 6 
25 
15 
300 
Q OVN 2 1 6 196 779 
Q OT 2 2 3 274 
Q OVN 4 3 10 322 2489 
Q OVN 4 4 4 205 1990 
Q OT 6 5 9 309 
Q OVN 8 6 7 255 1922 
Q ODN 10 7 9 214 6 16 Y 
Q ODN 12 8 8 298 1 19 Y 
Q OVN 14 9 1 141 2270 
Q ODG 16 10 5 321 6 17 Y 
Q COMBO 17 11 9 119 1084 3 2 
Q ODG 17 12 9 65 6 24 N 
Q ODN 19 13 1 73 3 13 Y 
Q OVC 19 14 8 235 1985 
X 19 14 
Q OVC 20 15 3 195 551 
Q COMBO 20 16 7 329 1880 4 4 
Q OVN 20 17 3 163 1206 
Q OVC 21 18 8 83 804 
Q COMBO 22 19 9 153 2489 4 2 
Q OVC 22 20 7 349 1202 
Q OVN 24 21 2 64 1853 
X 24 15 
Q OVN 25 22 5 122 2170 
Q OVG 25 23 10 176 1488 
Q ODN 26 24 3 121 2 22 Y 
Q OVC 27 25 10 51 1244 
Q OT 27 26 8 325 
Q OVG 27 27 2 181 570 
Q OVN 27 28 6 149 2303 
Q OVN 28 29 5 215 1373 
Q COMBO 29 30 6 320 1810 4 3 
Q OT 30 31 3 191 
Q OT 31 32 9 244 
Q OVG 31 33 8 327 2326 
Q OVG 32 34 8 270 938 
X 33 20 
Q OT 35 35 2 173 
X 36 25 
Q OVC 37 36 1 54 924 
Q OVN 38 37 5 113 630 
Q OVG 38 38 2 89 2116 
Q ODN 38 39 9 268 1 25 Y 
Q OVG 40 40 7 325 1313 
Q COMBO 42 41 10 142 808 1 2 
Q OVG 43 42 4 249 1690 
Q OT 45 43 5 202 
Q OVC 46 44 2 100 2301 
Q ODG 47 45 2 311 3 22 N 
Q ODN 47 46 1 323 6 10 Y 
Q OT 47 47 2 86 
Q OVG 48 48 10 86 1315 
Q OVN 48 49 10 150 717 
Q OVC 50 50 9 248 698 
Q OVN 50 51 6 216 2467 
X 51 18 
Q ODG 53 52 5 223 6 17 Y 
Q OVN 53 53 5 317 513 
Q OVC 54 54 5 142 1491 
Q OVC 54 55 2 176 2494 
Q OVC 55 56 6 127 1211 
Q OVN 57 57 10 63 1987 
Q OVC 57 58 5 171 1979 
Q COMBO 59 59 6 255 2404 2 4 
Q COMBO 61 60 4 89 887 1 4 
X 63 56 
Q COMBO 64 61 8 110 612 1 4 
Q OVN 64 62 7 105 1710 
Q OT 66 63 6 220 
Q OVG 67 64 4 191 1430 
Q COMBO 68 65 6 270 1648 1 3 
Q ODN 69 66 6 270 6 14 Y 
Q COMBO 71 67 2 216 1107 2 4 
Q ODN 72 68 8 188 2 14 N 
X 73 50 
Q OVC 73 69 2 333 1828 
Q OVC 75 70 8 203 2312 
Q ODN 77 71 8 144 4 19 Y 
Q OVN 78 72 6 122 504 
Q OT 78 73 5 196 
Q OVG 78 74 5 96 991 
Q OT 80 75 4 106 
Q OT 82 76 9 220 
Q ODG 82 77 1 297 4 10 Y 
Q ODN 84 78 8 231 6 15 N 
Q OVC 86 79 5 56 987 
Q OVG 87 80 3 266 516 
Q ODG 87 81 2 85 5 13 Y 
Q ODN 88 82 8 132 2 13 Y 
Q ODG 89 83 1 287 3 17 N 
Q OVC 91 84 1 103 2413 
Q ODG 93 85 1 252 3 11 Y 
Q ODG 94 86 3 325 2 13 N 
Q OVG 94 87 2 225 774 
Q OVC 96 88 10 153 1754 
Q OVG 97 89 10 264 1179 
Q OVC 98 90 7 328 1312 
Q OVN 100 91 8 133 2150 
Q COMBO 101 92 7 137 1912 1 2 
Q COMBO 101 93 2 204 2318 4 4 
Q COMBO 103 94 8 265 2178 1 3 
Q OVN 104 95 7 162 2131 
Q OVG 104 96 5 170 519 
Q OVG 105 97 4 157 1305 
Q COMBO 107 98 3 307 2376 3 3 
Q OVC 109 99 6 319 927 
Q OVG 109 100 4 172 2297 
Q OVC 109 101 3 205 992 
Q OVG 111 102 2 77 1897 
Q COMBO 111 103 5 225 942 4 3 
Q OVG 113 104 8 88 714 
Q OVN 114 105 10 148 651 
Q OVN 115 106 4 267 1926 
Q OVN 116 107 5 114 508 
Q OVN 116 108 8 75 700 
Q COMBO 118 109 2 335 1572 4 4 
Q OVG 119 110 5 121 1954 
Q OVC 120 111 1 71 1834 
Q ODG 122 112 8 56 3 29 N 
Q OVG 124 113 8 135 1521 
Q COMBO 126 114 3 246 2482 1 4 
Q OVC 128 115 10 271 543 
Q COMBO 129 116 1 107 1885 1 4 
Q ODG 129 117 3 204 4 20 N 
Q COMBO 130 118 5 247 2396 1 4 
Q OVN 131 119 5 323 1837 
Q COMBO 133 120 4 278 656 3 2 
Q ODG 135 121 10 271 6 11 Y 
Q OT 136 122 4 158 
X 138 84 
X 139 111 
Q OVC 141 123 2 77 1811 
Q OVG 142 124 6 83 920 
Q OT 142 125 1 262 
Q ODN 143 126 2 131 4 10 Y 
Q ODN 143 127 9 309 3 11 Y 
Q OVN 143 128 3 106 881 
Q OVC 143 129 1 61 2385 
Q OT 143 130 4 268 
Q OT 143 131 2 96 
Q OVC 144 132 3 56 1078 
Q COMBO 144 133 4 145 1067 3 2 
Q OT 145 134 1 208 
Q OVN 147 135 2 345 1284 
Q ODG 148 136 2 299 3 18 Y 
Q OT 148 137 1 307 
Q COMBO 150 138 5 76 742 4 3 
X 150 132 
X 152 79 
Q ODN 152 139 8 158 5 17 Y 
Q OVG 154 140 4 185 2128 
Q OVC 155 141 3 229 1508 
Q OT 157 142 1 132 
Q OVC 158 143 6 55 539 
Q ODG 159 144 5 304 5 24 Y 
X 159 143 
Q ODN 161 145 7 273 5 17 Y 
Q OVC 161 146 4 211 2420 
Q ODN 161 147 10 270 6 28 N 
X 161 129 
Q OVG 163 148 10 254 1323 
Q OVN 163 149 8 287 1824 
Q ODN 164 150 3 328 2 11 N 
Q ODG 166 151 1 278 3 24 N 
X 167 90 
Q OVN 167 152 7 78 756 
Q OVG 167 153 3 255 1711 
Q OVG 168 154 10 130 639 
Q ODG 170 155 5 256 5 21 N 
X 171 101 
Q OVC 171 156 1 253 919 
Q OVN 173 157 10 296 2283 
Q OVN 174 158 9 344 1826 
Q OVC 175 159 3 334 1890 
Q OVG 177 160 9 237 1164 
Q OT 178 161 7 212 
Q ODN 178 162 8 197 5 14 N 
Q OVC 179 163 8 318 1887 
Q OVG 181 164 7 128 1533 
Q OVC 182 165 6 324 1210 
Q OT 183 166 8 120 
Q ODN 183 167 4 197 2 28 Y 
Q OVC 184 168 1 231 628 
Q ODN 184 169 5 281 3 16 Y 
X 186 168 
Q OT 187 170 4 235 
Q ODN 187 171 2 121 5 12 N 
Q ODG 189 172 3 55 4 11 N 
Q OVG 190 173 1 111 720 
X 192 163 
Q OVC 194 174 8 160 2478 
Q COMBO 196 175 3 268 2168 1 2 
Q ODG 198 176 10 106 2 15 Y 
Q ODG 198 177 8 270 3 23 Y 
Q COMBO 199 178 6 242 1602 2 4 
Q ODG 201 179 6 279 2 23 N 
Q OVN 203 180 4 293 977 
Q OVC 203 181 8 77 1827 
Q ODN 203 182 2 59 5 17 Y 
Q ODN 205 183 7 328 3 17 N 
Q OVC 207 184 2 214 501 
Q OVC 208 185 4 319 1808 
Q COMBO 210 186 3 132 2022 4 4 
Q OVC 210 187 3 196 862 
Q COMBO 211 188 6 216 2019 2 3 
Q OVG 212 189 8 319 2001 
Q ODG 214 190 1 340 5 17 N 
Q ODN 215 191 2 229 1 11 N 
Q OT 215 192 3 203 
Q OT 217 193 4 249 
Q OVG 219 194 2 160 725 
Q ODG 221 195 4 65 1 25 Y 
Q OT 222 196 7 174 
Q ODG 223 197 1 108 2 18 Y 
Q ODN 225 198 2 105 5 10 N 
Q OT 226 199 9 300 
Q ODN 227 200 3 128 1 19 Y 
Q ODN 228 201 8 169 4 18 Y 
Q OT 229 202 10 90 
Q OVC 230 203 8 141 1579 
X 230 203 
Q ODG 231 204 4 115 5 21 N 
Q OT 233 205 3 113 
Q ODN 234 206 2 120 2 13 N 
Q OVG 236 207 9 152 2112 
Q COMBO 237 208 9 208 1590 4 2 
Q ODG 239 209 2 275 5 26 N 
Q COMBO 241 210 6 343 1268 4 4 
Q OVN 242 211 1 121 2016 
X 242 156 
Q COMBO 244 212 5 169 1338 1 2 
Q ODN 245 213 1 250 1 10 Y 
Q ODG 246 214 1 270 1 16 N 
Q OVG 248 215 5 65 1820 
Q ODG 250 216 5 127 3 26 Y 
Q OT 250 217 6 248 
Q OVN 250 218 1 297 1942 
Q OT 250 219 4 212 
Q OVC 250 220 8 187 1989 
Q COMBO 251 221 8 309 768 1 2 
X 251 184 
Q OVC 253 222 4 147 1334 
Q ODN 255 223 8 184 1 27 Y 
Q OVG 257 224 10 111 742 
Q OVC 257 225 10 290 1921 
X 257 220 
Q COMBO 259 226 8 345 691 4 4 
Q ODG 259 227 9 198 2 26 N 
Q OVC 260 228 4 244 2315 
Q OVN 262 229 10 76 1508 
Q OVC 264 230 5 291 882 
Q COMBO 264 231 5 64 1610 2 4 
Q OT 265 232 3 247 
Q OVC 265 233 6 225 900 
Q COMBO 267 234 7 80 1399 4 4 
Q ODN 268 235 5 239 3 16 Y 
Q COMBO 268 236 9 70 2315 3 2 
Q OVG 268 237 8 288 2097 
Q OT 268 238 7 268 
Q ODN 269 239 9 228 5 10 N 
Q ODN 271 240 6 103 4 23 Y 
Q ODG 272 241 8 263 6 17 Y 
Q COMBO 274 242 8 83 1159 2 2 
Q OVC 275 243 10 89 1261 
Q OVG 275 244 4 124 2357 
Q OT 275 245 8 122 
Q COMBO 275 246 10 88 1791 3 4 
Q OT 275 247 1 323 
Q OVG 276 248 9 77 1938 
X 277 230 
Q ODG 278 249 5 69 5 17 Y 
Q OVG 280 250 1 194 2211 
Q COMBO 281 251 5 271 2194 2 3 
Q OVN 282 252 6 283 557 
Q COMBO 284 253 8 134 1140 2 3 
Q ODN 286 254 10 301 6 17 Y 
Q OVC 288 255 2 239 2109 
Q COMBO 288 256 10 74 2225 4 2 
Q OVG 289 257 4 114 1351 
Q OVC 289 258 9 100 866 
Q OVN 291 259 2 232 2242 
Q OVN 292 260 1 202 1825 
Q OVC 293 261 6 237 1039 
Q ODG 294 262 3 200 6 28 N 
X 294 243 
Q ODN 295 263 6 135 1 28 N 
Q OT 297 264 5 219 
Q OVN 299 265 4 321 1253 
Q OVG 301 266 2 347 2002 
Q OVN 303 267 2 103 2104 
X 304 181 
Q COMBO 306 268 4 175 1444 2 3 
Q ODN 307 269 8 167 6 10 N 
Q OVN 307 270 7 266 2300 
X 307 255 
Q OT 309 271 3 81 
Q OVG 309 272 4 136 1998 
Q ODG 309 273 3 337 6 15 N 
Q ODN 311 274 6 156 3 18 N 
Q ODN 311 275 6 264 2 14 N 
