15 10 
5 4 
20 60 
8 5 
18 
8 4 6 6 4 8 
20 
10 
800 
Q COMBO 1 1 6 183 1903 2 2 
Q ODG 1 2 5 174 4 19 Y 
Q ODN 1 3 10 193 5 17 Y 
Q OT 3 4 4 236 
Q ODN 5 5 5 261 3 14 N 
Q OT 7 6 7 247 
Q ODG 7 7 9 323 6 21 N 
Q ODG 9 8 5 220 8 13 Y 
Q OVC 10 9 3 187 1166 
Q OVC 10 10 7 249 913 
X 10 10 
Q OVN 12 11 1 302 1836 
Q OVN 12 12 2 277 887 
Q OT 12 13 10 119 
Q OVG 13 14 7 176 1502 
Q COMBO 13 15 7 240 785 1 14 
Q ODG 13 16 8 214 1 23 Y 
X 14 9 
Q OT 16 17 5 241 
Q OVC 16 18 2 159 1602 
Q ODN 18 19 1 261 2 15 Y 
X 20 18 
Q OVG 22 20 6 157 1376 
Q COMBO 23 21 10 111 2239 1 11 
Q OVN 23 22 4 218 1063 
Q ODG 24 23 1 164 1 21 N 
Q OVG 24 24 3 138 2408 
Q OVG 25 25 7 135 1051 
Q ODG 27 26 2 330 3 15 N 
Q OVN 27 27 1 160 2019 
Q OVC 27 28 1 163 1455 
Q ODN 28 29 2 162 8 12 Y 
Q COMBO 28 30 1 94 611 4 3 
Q OVN 29 31 3 130 962 
Q OVC 29 32 8 277 1226 
Q ODG 29 33 9 112 8 26 N 
Q OT 31 34 4 272 
Q OVN 31 35 10 250 590 
Q OT 33 36 8 175 
X 34 32 
Q OT 35 37 8 254 
X 37 28 
Q OT 39 38 7 239 
Q OVN 41 39 8 303 1232 
Q OVC 42 40 6 198 2403 
Q OVC 43 41 1 70 1984 
Q OVG 45 42 1 273 2431 
Q ODG 47 43 1 193 5 12 Y 
X 48 41 
X 50 40 
Q ODG 52 44 7 218 4 13 Y 
Q OVC 53 45 9 113 1157 
Q OT 53 46 9 307 
Q OT 55 47 2 284 
Q ODG 56 48 10 85 3 20 N 
Q ODG 56 49 8 204 8 22 N 
Q OVN 56 50 4 130 1574 
Q OVC 56 51 9 288 2302 
Q ODN 56 52 5 177 4 26 N 
Q ODG 57 53 7 50 4 10 N 
X 57 45 
Q ODG 57 54 5 333 4 14 Y 
X 58 51 
Q ODG 60 55 2 256 5 19 N 
Q OVN 62 56 7 180 768 
Q OT 64 57 8 345 
Q OT 64 58 2 301 
Q ODG 65 59 3 170 7 24 N 
Q OVC 65 60 7 179 1160 
Q OT 66 61 1 133 
Q OVG 67 62 3 109 2351 
Q ODG 69 63 4 341 6 20 Y 
Q ODN 71 64 8 69 7 15 Y 
Q OT 71 65 4 303 
Q OVN 71 66 2 315 1599 
Q OVC 71 67 7 105 1177 
Q OT 73 68 2 137 
X 75 60 
Q ODG 75 69 5 168 4 19 N 
Q OVG 77 70 10 158 594 
X 78 67 
Q OVN 80 71 2 141 2436 
Q OVC 82 72 4 101 2301 
Q OVC 82 73 8 80 1804 
Q COMBO 82 74 6 143 1366 1 13 
Q OVN 83 75 9 75 1644 
Q OVG 85 76 4 91 2483 
Q ODN 87 77 5 77 6 17 Y 
Q ODN 89 78 8 251 7 19 Y 
Q OVC 91 79 7 56 1744 
Q COMBO 93 80 1 325 1344 2 14 
Q OT 95 81 5 189 
Q OVG 96 82 5 178 2435 
Q COMBO 97 83 3 286 999 2 5 
Q OVN 98 84 6 136 1723 
Q OT 99 85 6 131 
Q OT 100 86 3 70 
Q OT 101 87 9 190 
Q OVN 101 88 9 345 2040 
Q OVC 103 89 7 148 2369 
Q COMBO 103 90 4 154 2150 4 11 
Q OVN 103 91 6 65 1990 
Q OVN 104 92 1 208 2377 
Q ODN 105 93 1 231 7 12 Y 
Q OVG 106 94 3 260 1284 
Q ODG 108 95 6 210 1 26 N 
Q OT 109 96 2 154 
Q OT 109 97 8 202 
Q ODN 110 98 3 273 2 16 Y 
Q OT 111 99 1 139 
Q OVG 113 100 8 123 2176 
Q COMBO 114 101 4 246 1797 1 4 
Q OVC 115 102 3 88 948 
Q COMBO 117 103 5 167 1842 1 4 
Q OT 119 104 10 300 
Q ODN 120 105 10 262 8 26 N 
Q COMBO 120 106 6 180 1703 3 3 
Q OVC 121 107 1 327 1263 
Q OVN 122 108 2 336 2184 
Q OVN 123 109 4 310 807 
Q ODG 123 110 1 283 7 27 Y 
Q COMBO 124 111 6 341 1557 2 9 
Q COMBO 125 112 8 77 1769 3 14 
Q ODG 126 113 4 317 6 16 N 
Q OVG 127 114 9 158 776 
Q ODG 128 115 2 310 2 27 N 
Q OT 130 116 10 190 
X 131 79 
Q ODN 132 117 7 328 4 25 N 
Q OVC 132 118 1 119 1562 
Q ODN 133 119 6 76 4 17 Y 
X 134 118 
Q ODN 135 120 7 197 7 12 Y 
Q OVC 137 121 4 157 1010 
Q OVN 139 122 1 186 709 
Q ODG 141 123 4 181 4 28 Y 
Q ODN 142 124 2 202 2 23 N 
X 143 89 
Q OVC 144 125 9 105 1787 
Q OVN 144 126 9 340 2015 
Q ODG 145 127 10 100 8 24 N 
Q OVC 146 128 6 342 2172 
Q OVN 148 129 1 199 1232 
Q ODN 150 130 5 230 7 16 N 
Q OT 151 131 7 155 
Q OVN 153 132 9 151 1820 
Q OT 153 133 6 65 
Q ODG 153 134 2 339 2 20 Y 
Q ODN 153 135 4 266 4 18 N 
Q COMBO 155 136 6 296 1969 4 10 
Q OVN 157 137 2 187 1380 
Q OT 158 138 6 275 
Q OVN 158 139 5 236 1093 
Q COMBO 158 140 1 247 2369 4 10 
Q OVC 160 141 10 104 1020 
Q ODN 160 142 4 307 4 23 N 
Q ODN 161 143 1 134 6 21 Y 
Q OVC 163 144 7 287 1818 
Q OVC 163 145 3 115 952 
Q ODN 163 146 6 58 7 18 N 
X 163 125 
Q OVG 165 147 3 296 1504 
Q ODG 166 148 2 250 2 25 Y 
Q ODG 166 149 1 103 2 10 Y 
Q OVN 168 150 7 301 1159 
Q OT 168 151 5 59 
X 169 121 
Q OVC 169 152 10 69 1298 
Q OVC 170 153 8 136 1714 
Q OVC 171 154 1 330 968 
Q COMBO 172 155 6 143 859 3 13 
Q OVG 172 156 5 299 2266 
Q OVN 174 157 10 89 657 
Q OT 176 158 2 156 
Q ODN 178 159 7 330 6 13 Y 
Q OVC 178 160 4 243 2490 
Q OVG 178 161 6 87 2163 
Q ODG 178 162 4 233 1 10 Y 
X 180 160 
Q OVN 180 163 3 219 1173 
Q OVG 181 164 4 188 1146 
Q COMBO 182 165 10 274 1173 4 12 
Q ODG 183 166 4 93 2 20 N 
Q OT 183 167 7 219 
Q OVG 183 168 10 341 1326 
X 184 107 
Q OVN 186 169 5 50 505 
Q ODN 187 170 2 200 7 25 Y 
Q OVG 189 171 5 147 1452 
X 191 152 
Q ODG 191 172 7 207 2 21 N 
Q OT 192 173 9 203 
Q COMBO 194 174 8 278 1681 4 12 
Q OVN 194 175 9 171 711 
X 194 154 
X 194 73 
Q OVG 195 176 9 210 1832 
Q COMBO 195 177 5 206 1527 1 8 
Q ODN 196 178 5 185 6 17 Y 
Q ODN 196 179 2 75 5 11 N 
Q OVG 196 180 2 178 840 
Q ODG 196 181 6 349 4 26 N 
Q COMBO 197 182 8 79 1815 1 2 
Q OVN 198 183 2 349 1935 
X 199 145 
Q ODN 199 184 10 163 5 28 N 
Q OVC 200 185 1 239 1200 
Q ODG 201 186 1 68 7 26 N 
X 202 185 
Q OVG 204 187 6 344 785 
Q ODN 204 188 7 193 6 16 N 
Q ODN 205 189 7 150 3 12 Y 
X 205 102 
Q OT 207 190 4 241 
Q ODN 209 191 3 323 3 12 N 
Q OVN 211 192 2 102 1741 
Q OVC 212 193 7 177 1563 
Q OVN 214 194 8 284 602 
Q OVC 216 195 5 193 582 
Q ODG 216 196 8 283 2 17 Y 
Q OVC 216 197 6 74 1288 
Q OVN 218 198 1 114 1152 
X 218 193 
X 219 195 
Q OVG 220 199 4 310 1545 
Q OT 222 200 10 317 
Q COMBO 222 201 4 317 810 2 14 
Q ODN 223 202 2 138 6 27 N 
Q ODG 225 203 5 166 8 19 N 
Q ODN 227 204 6 163 4 24 Y 
Q OVC 227 205 3 250 2137 
Q OVG 229 206 7 101 1692 
X 230 144 
Q ODG 230 207 9 98 5 28 N 
X 232 141 
Q OVC 233 208 8 272 1608 
X 234 205 
Q OVN 234 209 4 285 1426 
Q ODG 236 210 6 202 2 28 Y 
Q OT 237 211 3 117 
Q OVG 237 212 3 165 507 
Q OT 237 213 10 269 
Q ODG 239 214 2 283 6 27 N 
Q ODN 241 215 3 278 1 20 N 
Q COMBO 243 216 4 123 1908 3 11 
Q COMBO 243 217 8 133 804 2 3 
Q OT 243 218 1 93 
Q OVN 243 219 3 72 736 
Q OT 244 220 1 162 
Q OVG 246 221 8 241 1389 
X 248 197 
Q OT 249 222 3 280 
Q ODN 249 223 4 304 5 20 N 
Q OVC 251 224 4 84 2032 
Q OVN 251 225 5 267 2441 
Q COMBO 253 226 8 133 1438 1 8 
Q OVG 254 227 5 291 1765 
Q ODG 254 228 8 78 3 27 Y 
Q ODN 254 229 5 89 7 23 Y 
Q ODN 256 230 2 114 1 18 Y 
Q COMBO 256 231 10 273 2198 3 12 
Q ODN 258 232 7 322 7 19 Y 
Q OVG 258 233 4 278 2122 
Q OVN 259 234 9 345 715 
Q OVG 259 235 2 222 1557 
Q OVN 261 236 5 201 1490 
Q OT 263 237 5 333 
Q OVC 263 238 3 258 678 
Q COMBO 265 239 3 169 1331 3 13 
Q ODG 265 240 1 245 4 29 Y 
Q ODG 265 241 4 264 5 14 Y 
Q OVN 265 242 6 144 2066 
Q OVN 267 243 3 118 711 
Q ODG 268 244 8 73 4 24 N 
Q OT 270 245 7 71 
Q ODN 272 246 8 219 7 19 Y 
Q OVG 274 247 9 315 692 
Q COMBO 275 248 9 101 1207 2 5 
Q ODN 275 249 9 139 2 13 N 
Q ODN 277 250 7 160 1 23 N 
Q OVG 278 251 1 323 1181 
Q OVC 278 252 10 69 1434 
Q COMBO 280 253 6 263 2199 3 12 
X 281 252 
Q OVN 283 254 8 136 737 
Q ODN 285 255 9 207 3 21 Y 
X 285 238 
Q COMBO 285 256 7 71 1450 1 14 
Q ODN 286 257 1 349 3 13 Y 
Q OVN 288 258 9 118 801 
Q OVG 288 259 3 300 1206 
Q COMBO 288 260 8 337 2364 2 8 
X 289 224 
Q OVC 290 261 8 132 1671 
Q OVC 290 262 2 222 914 
Q COMBO 291 263 7 92 1471 2 2 
Q OVN 292 264 6 149 1076 
Q ODN 292 265 10 218 1 17 N 
Q ODG 293 266 4 282 5 10 Y 
X 294 262 
Q OVC 294 267 7 190 1964 
Q OVN 296 268 7 137 952 
Q ODN 298 269 4 334 6 25 N 
Q OVC 299 270 9 196 1820 
X 299 153 
Q OVC 301 271 7 228 2414 
X 302 261 
Q OVC 304 272 9 298 1485 
Q ODG 306 273 10 326 7 19 N 
Q OVN 307 274 7 215 1619 
Q ODN 307 275 4 263 2 26 N 
Q COMBO 307 276 10 95 1737 1 8 
Q OT 309 277 6 85 
Q COMBO 310 278 7 182 1509 2 10 
Q OVC 312 279 8 209 1578 
Q OVN 314 280 6 222 1101 
Q OT 315 281 1 346 
Q ODN 317 282 3 245 4 17 Y 
Q OVN 318 283 1 178 1282 
Q ODG 318 284 7 230 6 12 N 
Q OVN 320 285 6 265 1558 
Q OVN 321 286 8 51 1523 
Q COMBO 321 287 3 61 1260 4 4 
Q COMBO 322 288 10 237 1067 3 3 
Q OVC 323 289 2 338 980 
Q OVC 325 290 9 229 2008 
Q OVG 327 291 3 294 2063 
Q OT 328 292 1 190 
Q COMBO 329 293 1 229 2292 3 4 
Q OVC 331 294 6 243 2218 
Q OVN 331 295 2 263 2168 
Q OVC 332 296 6 254 1144 
Q OVN 333 297 2 239 1276 
Q COMBO 334 298 7 141 1026 1 14 
X 336 289 
Q ODN 336 299 6 175 2 27 N 
Q OVN 337 300 8 307 964 
Q OVG 338 301 3 241 2292 
Q ODN 339 302 9 129 4 14 Y 
Q OVN 340 303 2 337 543 
Q COMBO 342 304 8 99 1813 3 6 
Q OVC 342 305 2 133 2138 
Q COMBO 343 306 7 208 2308 2 12 
Q COMBO 344 307 8 133 2174 2 13 
Q ODN 345 308 2 304 6 27 Y 
Q OVN 346 309 4 86 1215 
Q ODG 348 310 1 209 1 22 N 
Q OT 350 311 4 276 
Q OVN 350 312 9 262 2214 
Q ODG 351 313 1 274 3 22 Y 
Q ODG 353 314 9 274 8 24 N 
X 353 271 
Q OT 355 315 7 203 
Q COMBO 357 316 1 299 1971 1 3 
Q ODG 359 317 2 101 8 25 N 
Q OT 360 318 7 84 
Q OVG 360 319 6 286 1964 
Q OVC 360 320 9 169 785 
Q OVN 361 321 7 327 1002 
Q OT 362 322 4 168 
Q OVN 363 323 7 110 2448 
Q ODG 365 324 10 332 3 20 N 
X 366 305 
Q ODG 366 325 9 101 6 15 N 
Q OVN 367 326 8 263 2414 
Q ODG 368 327 2 254 2 17 Y 
Q OVG 370 328 6 176 1784 
Q OVG 371 329 2 207 2236 
Q ODN 371 330 10 325 2 16 N 
Q ODG 371 331 7 190 5 21 N 
Q ODG 371 332 6 287 5 11 Y 
X 373 320 
X 375 296 
Q OT 375 333 7 88 
Q OT 375 334 5 251 
Q ODN 377 335 8 216 3 20 N 
Q OVG 379 336 10 270 986 
Q OVC 381 337 5 84 774 
Q OVG 383 338 6 185 1075 
Q ODG 383 339 10 55 1 27 N 
Q OVC 384 340 3 99 998 
Q OVG 385 341 10 256 1793 
Q ODN 385 342 9 281 7 10 Y 
Q OT 385 343 9 244 
Q ODG 386 344 1 146 6 15 Y 
Q OVG 388 345 4 336 576 
Q OVN 389 346 5 273 2050 
Q COMBO 390 347 2 287 1470 3 5 
X 392 294 
Q OVC 392 348 5 318 2371 
Q OVN 392 349 2 55 2306 
Q OVG 392 350 6 253 819 
Q OT 393 351 2 318 
Q OVC 393 352 4 204 845 
Q OVC 395 353 5 298 2027 
X 397 353 
Q OT 399 354 8 147 
Q OVN 400 355 10 268 581 
Q OVC 401 356 7 339 580 
X 401 290 
Q ODG 401 357 3 266 3 26 N 
Q OT 402 358 3 258 
Q ODG 402 359 4 121 6 20 Y 
Q OT 403 360 5 253 
Q OVN 403 361 2 97 699 
Q OVC 404 362 5 176 1783 
Q COMBO 405 363 1 56 2017 3 11 
Q OVG 407 364 2 260 881 
Q OVG 408 365 2 225 1976 
Q ODG 410 366 2 142 8 12 N 
Q COMBO 412 367 5 288 1545 1 4 
Q ODN 414 368 9 325 4 12 N 
Q ODN 415 369 6 51 1 13 N 
Q OT 415 370 6 56 
Q ODN 417 371 2 283 1 13 N 
X 419 356 
Q COMBO 420 372 3 291 984 4 5 
Q OVC 421 373 5 291 1938 
Q OVG 422 374 1 227 2266 
Q OVG 423 375 1 76 722 
X 423 352 
Q OVN 425 376 10 261 1143 
Q ODN 425 377 6 168 1 12 N 
Q OVC 425 378 8 178 2206 
Q OVN 425 379 3 280 1604 
Q COMBO 427 380 7 289 655 4 8 
Q ODG 427 381 4 115 4 14 N 
Q OT 429 382 7 294 
X 430 373 
Q ODN 431 383 8 80 6 16 N 
Q OVG 433 384 10 285 1388 
Q OVC 434 385 4 152 1011 
X 435 362 
Q OVN 435 386 3 80 2060 
Q ODN 436 387 4 243 5 25 Y 
Q OVG 437 388 1 269 2107 
Q ODN 437 389 7 221 6 11 N 
Q OVC 439 390 5 267 592 
Q OT 440 391 4 325 
Q ODG 440 392 4 340 3 26 Y 
X 441 340 
Q ODG 443 393 10 328 7 17 Y 
Q OVC 445 394 8 70 1272 
Q ODG 447 395 6 337 8 26 Y 
Q OVN 447 396 1 181 2295 
Q COMBO 449 397 9 172 1921 2 14 
Q OVG 450 398 4 345 1234 
Q COMBO 452 399 8 90 745 3 8 
X 453 394 
X 454 378 
Q OVG 456 400 10 222 1448 
Q ODN 457 401 4 293 2 24 Y 
Q OVC 457 402 10 316 1834 
X 457 402 
Q COMBO 458 403 3 159 839 1 10 
X 458 385 
Q COMBO 459 404 4 196 1464 2 6 
Q OVN 461 405 9 102 964 
Q ODN 462 406 4 255 4 12 Y 
Q ODN 462 407 3 261 6 13 Y 
Q ODG 463 408 2 249 1 16 Y 
Q OVN 463 409 4 178 1183 
Q OVC 464 410 7 81 2058 
Q OVN 464 411 1 244 1250 
Q ODN 466 412 1 88 5 13 N 
Q OT 467 413 4 324 
Q OT 468 414 9 186 
Q OVG 468 415 4 275 2273 
Q ODN 470 416 3 248 6 13 Y 
Q OVC 472 417 5 277 1229 
Q OT 474 418 1 346 
X 475 267 
Q OVC 476 419 8 173 1374 
Q COMBO 478 420 10 278 2464 1 2 
Q ODG 479 421 2 208 8 10 Y 
Q ODN 480 422 8 335 4 14 N 
X 482 337 
Q OVG 484 423 2 146 2125 
Q OVG 486 424 1 278 849 
X 488 390 
Q OVG 490 425 8 298 1799 
Q OT 492 426 6 195 
X 493 410 
X 495 279 
Q OT 496 427 6 234 
Q OT 497 428 2 322 
Q ODN 497 429 4 203 4 25 Y 
Q ODN 497 430 4 227 1 23 N 
Q COMBO 497 431 1 231 2208 4 4 
Q ODN 498 432 2 116 4 28 N 
Q OVG 498 433 4 200 1848 
X 498 417 
Q OVG 498 434 1 301 1729 
Q ODG 500 435 2 174 7 29 Y 
Q OT 501 436 8 288 
Q COMBO 503 437 6 218 955 3 2 
Q OVG 505 438 5 277 2379 
Q COMBO 506 439 3 64 1327 3 5 
Q OVC 508 440 7 208 1020 
Q OT 510 441 8 326 
Q OT 510 442 3 316 
Q ODG 511 443 9 60 4 14 N 
Q OT 513 444 6 322 
Q OVN 515 445 4 164 1101 
Q COMBO 517 446 8 302 2407 3 12 
Q OT 519 447 5 98 
Q COMBO 519 448 9 165 835 4 2 
Q COMBO 520 449 1 98 1615 4 15 
Q ODG 520 450 4 280 7 25 Y 
Q OT 521 451 3 253 
Q OVN 523 452 10 122 633 
Q OVG 523 453 9 207 655 
Q OVG 524 454 6 263 2209 
Q ODG 524 455 9 294 2 13 N 
Q COMBO 526 456 10 190 1814 1 14 
X 526 419 
Q OVC 526 457 4 77 1855 
Q COMBO 526 458 3 348 2149 2 8 
Q ODN 528 459 2 269 3 18 Y 
X 529 272 
Q ODG 530 460 7 77 3 23 Y 
Q OT 531 461 9 116 
Q OVG 532 462 1 336 1948 
Q OVG 534 463 8 341 689 
Q OVN 534 464 8 252 1525 
Q OVN 534 465 8 245 1260 
Q OVG 534 466 10 147 1676 
Q COMBO 535 467 6 204 1886 4 10 
Q ODN 536 468 2 206 8 28 N 
Q OVG 536 469 9 109 1281 
Q OVG 538 470 2 321 1487 
Q OT 539 471 3 262 
Q ODG 540 472 6 241 5 25 N 
Q OT 540 473 2 166 
Q ODG 542 474 5 261 3 11 N 
Q OT 542 475 2 55 
Q ODG 543 476 1 309 4 16 Y 
Q OVG 543 477 8 328 754 
Q OVN 543 478 5 125 991 
X 543 348 
Q COMBO 545 479 1 293 2149 4 9 
Q COMBO 546 480 9 87 1379 1 13 
Q OT 547 481 7 323 
Q OVC 547 482 8 335 1758 
Q OT 549 483 4 297 
Q OT 549 484 2 191 
Q COMBO 549 485 8 232 2306 4 3 
X 549 208 
Q COMBO 549 486 8 192 2380 4 5 
Q OVN 551 487 3 276 2024 
Q OVG 551 488 5 294 1313 
Q OVC 552 489 10 184 1752 
Q OVC 553 490 7 171 663 
Q ODN 554 491 1 339 2 14 Y 
Q OVG 554 492 4 274 2255 
Q ODG 554 493 6 325 2 19 Y 
Q OVG 556 494 9 347 1622 
Q OT 557 495 1 261 
X 557 457 
Q OVC 557 496 3 202 1875 
Q OT 558 497 7 304 
Q OVC 558 498 7 58 1294 
Q OVC 559 499 3 210 1384 
Q ODG 560 500 1 349 6 24 N 
Q OVC 560 501 3 167 878 
Q OVG 562 502 3 258 717 
Q OVG 562 503 7 175 1247 
Q OVC 563 504 7 273 1300 
Q ODN 564 505 6 281 2 29 N 
Q COMBO 564 506 4 236 602 2 11 
Q ODG 565 507 1 273 8 25 Y 
Q OVC 565 508 4 193 1676 
Q OVC 567 509 7 220 1592 
Q OVN 568 510 1 196 1055 
Q COMBO 568 511 9 192 2154 3 9 
Q OVC 569 512 4 214 1629 
Q COMBO 571 513 1 126 2312 4 2 
Q ODN 571 514 8 96 8 26 N 
Q COMBO 573 515 9 128 1892 1 4 
X 574 509 
Q OT 575 516 3 160 
Q ODN 576 517 8 124 1 16 Y 
Q COMBO 576 518 2 191 2075 2 11 
Q OT 578 519 9 57 
Q ODG 580 520 7 150 7 26 Y 
Q OVG 581 521 5 302 1770 
Q OVG 582 522 3 271 2420 
Q OVC 582 523 4 225 2397 
Q OVC 584 524 1 93 2172 
Q OVG 586 525 8 167 1674 
Q OVC 588 526 9 319 1693 
Q OVC 590 527 5 118 2175 
Q OVN 591 528 6 146 566 
Q ODN 591 529 1 259 1 15 N 
Q ODN 592 530 6 99 4 13 N 
Q OT 593 531 2 63 
Q OVN 594 532 1 127 2413 
Q OVG 596 533 3 101 589 
Q OVG 597 534 8 84 1474 
Q OVN 598 535 4 328 1365 
Q OVC 600 536 9 230 715 
Q OVG 601 537 9 247 2225 
Q OVG 602 538 7 61 1228 
Q OVC 603 539 9 239 1982 
Q OT 603 540 2 197 
Q ODG 603 541 9 59 5 25 Y 
Q OVC 605 542 2 281 2358 
X 605 527 
X 607 539 
Q OVC 608 543 6 349 1854 
Q OVG 608 544 8 100 1632 
X 609 543 
Q OVG 611 545 4 299 1011 
Q OVN 612 546 8 72 618 
X 613 526 
Q OVG 613 547 4 71 1433 
X 615 508 
Q OVN 615 548 7 184 682 
Q ODG 615 549 2 334 4 15 N 
Q OVG 615 550 10 86 994 
Q OVN 616 551 1 99 1835 
Q ODN 617 552 8 119 3 27 Y 
Q COMBO 617 553 1 216 2462 1 9 
Q ODN 618 554 9 295 8 19 Y 
Q OVG 618 555 7 70 1966 
Q COMBO 620 556 10 257 1682 3 13 
Q ODG 620 557 3 227 6 11 Y 
Q OVN 621 558 4 173 2385 
X 622 542 
Q OT 624 559 7 181 
Q ODN 626 560 4 269 6 29 N 
Q OT 628 561 10 148 
Q OVN 628 562 3 301 923 
Q OVG 630 563 2 215 1653 
Q COMBO 632 564 9 291 590 3 5 
Q OVN 633 565 9 294 664 
Q OT 634 566 9 106 
Q OVG 634 567 10 336 871 
Q OVG 635 568 7 287 1867 
Q ODN 636 569 7 218 4 24 N 
X 637 501 
Q OVN 639 570 3 226 1650 
Q OVN 639 571 1 345 1757 
Q ODN 639 572 6 76 1 26 Y 
Q ODG 640 573 7 196 3 13 N 
Q OVC 640 574 7 274 2176 
Q OVN 641 575 8 110 1719 
Q OVN 643 576 8 270 780 
X 645 536 
Q OVG 647 577 5 61 1420 
Q ODN 649 578 1 237 2 12 N 
Q OVG 649 579 8 284 1021 
Q OVC 649 580 6 107 606 
Q OVC 651 581 6 73 750 
Q OVG 653 582 10 266 1730 
Q COMBO 653 583 9 326 876 4 6 
Q OT 653 584 4 128 
Q OT 654 585 10 208 
Q OVC 656 586 2 215 2447 
Q OVC 657 587 6 67 1401 
Q COMBO 658 588 4 344 1732 2 9 
Q OVG 659 589 9 321 2354 
Q COMBO 660 590 9 318 788 1 5 
Q OT 662 591 2 138 
Q COMBO 664 592 2 323 702 3 5 
Q OVC 666 593 1 190 2167 
Q OVN 666 594 6 94 2240 
Q ODG 668 595 1 50 7 21 N 
Q ODN 669 596 4 88 2 15 Y 
Q ODG 671 597 2 289 1 28 Y 
Q OT 672 598 9 133 
Q OT 672 599 4 320 
Q OVN 674 600 1 300 571 
Q OVC 674 601 8 301 1124 
Q COMBO 676 602 10 126 1675 4 8 
Q OT 678 603 10 294 
X 680 586 
Q OVC 682 604 9 234 718 
Q ODN 683 605 9 197 2 21 Y 
Q ODG 684 606 8 173 3 21 N 
X 684 604 
X 686 504 
Q COMBO 687 607 2 203 660 3 4 
Q OVC 687 608 9 103 1727 
Q OT 688 609 9 121 
Q OVC 688 610 8 142 1159 
Q OVG 690 611 1 110 2463 
X 691 593 
Q COMBO 691 612 2 257 1415 4 15 
Q ODN 693 613 3 189 5 27 Y 
Q OVG 694 614 4 194 1695 
Q OVN 694 615 4 113 2355 
Q COMBO 695 616 10 314 2098 4 11 
Q ODG 696 617 9 170 6 21 N 
Q OVC 697 618 3 241 2462 
Q OVG 697 619 6 283 2010 
Q OT 697 620 1 194 
Q OVC 699 621 2 343 1980 
X 701 608 
Q OVG 701 622 5 85 540 
Q OVG 703 623 3 124 695 
X 703 621 
Q OVG 704 624 4 240 2156 
Q OVC 704 625 4 226 2400 
Q ODN 704 626 3 190 3 13 N 
Q OVG 704 627 7 307 1285 
Q ODN 706 628 7 92 8 15 N 
Q OVG 708 629 6 315 2225 
Q ODG 709 630 3 106 3 14 N 
Q ODN 711 631 3 136 3 13 N 
Q OVN 713 632 4 202 1820 
Q OT 715 633 4 289 
X 717 580 
Q OVC 718 634 5 349 2018 
Q OVN 719 635 10 160 800 
Q OVN 720 636 8 224 2499 
Q OT 721 637 6 71 
Q OVG 722 638 2 102 2201 
Q OVC 722 639 9 208 1937 
Q OVC 723 640 7 274 739 
Q ODN 725 641 2 224 5 25 Y 
Q OVN 727 642 3 210 2403 
Q COMBO 727 643 8 252 846 4 5 
Q OT 727 644 4 127 
Q ODN 727 645 3 306 1 12 N 
Q OVN 729 646 4 256 867 
Q COMBO 730 647 7 236 1289 4 7 
Q ODG 731 648 6 77 1 17 Y 
Q ODN 732 649 2 209 7 29 N 
Q OVN 734 650 5 248 1708 
Q COMBO 735 651 9 258 1392 1 10 
Q OVN 736 652 4 213 2404 
Q OVN 736 653 8 336 1074 
Q OVN 738 654 3 58 1551 
Q COMBO 738 655 5 132 1019 4 9 
Q OVN 739 656 2 84 1449 
X 741 640 
Q OVN 742 657 10 289 586 
Q OVC 743 658 2 180 1632 
Q OVG 743 659 10 257 799 
Q OT 744 660 3 349 
Q OVC 746 661 7 274 1054 
X 747 639 
X 749 610 
Q OT 751 662 10 328 
Q ODG 752 663 1 127 5 27 Y 
Q OVN 753 664 5 174 1509 
Q OT 755 665 3 307 
Q OVG 756 666 10 118 1706 
Q ODG 756 667 1 302 5 19 Y 
Q OT 756 668 10 116 
X 758 634 
Q ODN 759 669 2 305 4 28 N 
Q COMBO 761 670 1 201 739 2 10 
Q OVN 761 671 8 79 875 
Q OVG 762 672 8 231 914 
Q OVC 762 673 6 278 1272 
Q OVC 762 674 8 349 2004 
Q OVN 764 675 2 139 2312 
Q OVC 765 676 5 184 861 
X 765 601 
X 765 676 
Q ODN 766 677 1 332 4 16 Y 
Q ODG 767 678 9 309 2 27 N 
Q OVG 767 679 9 103 788 
Q COMBO 769 680 10 201 720 2 12 
Q OVN 770 681 5 181 888 
Q ODN 770 682 3 304 4 25 N 
Q COMBO 770 683 2 220 820 4 13 
Q ODG 772 684 9 280 3 18 Y 
Q ODG 773 685 5 228 4 24 N 
Q ODG 775 686 6 168 6 26 Y 
Q OVN 775 687 9 150 1215 
Q OVG 777 688 1 324 1409 
Q OVN 778 689 2 123 886 
Q ODG 779 690 6 265 2 25 N 
X 781 661 
Q OVN 782 691 9 334 1834 
Q OT 784 692 9 304 
Q OVC 785 693 6 78 2210 
Q COMBO 785 694 9 127 2438 3 8 
Q OVN 786 695 3 197 2296 
Q ODG 787 696 9 261 6 24 N 
X 788 673 
Q OT 790 697 6 155 
Q OVG 790 698 3 74 1520 
Q OVC 792 699 4 246 1509 
Q OVG 794 700 2 305 2449 
X 794 658 
Q ODG 796 701 3 256 6 12 N 
Q ODG 797 702 5 319 8 18 N 
Q OVC 798 703 7 158 507 
X 799 674 
Q OVN 799 704 2 174 1497 
Q OT 800 705 2 160 
X 800 693 
Q OT 802 706 5 105 
Q OVN 802 707 9 244 1529 
Q OVG 802 708 5 327 1466 
Q COMBO 802 709 4 51 2494 4 10 
