TF	ID	TQ	TA	TR	TS	Ti	TC	TW	Tserv
391	144	158	158	159	351	192	1	193	40
379	143	158	158	159	349	190	1	191	30
373	132	145	145	146	336	190	1	191	37
357	142	157	157	159	340	181	2	183	17
349	131	145	145	147	339	192	2	194	10
347	140	154	154	156	333	177	2	179	14
343	127	139	139	141	316	175	2	177	27
341	134	146	146	148	322	174	2	176	19
338	128	139	139	140	319	179	1	180	19
335	113	124	124	126	314	188	2	190	21
333	118	130	130	132	306	174	2	176	27
333	109	121	121	123	303	180	2	182	30
332	112	123	123	125	313	188	2	190	19
328	100	113	113	115	293	178	2	180	35
322	120	131	131	134	306	172	3	175	16
320	108	119	119	120	300	180	1	181	20
316	117	129	129	130	306	176	1	177	10
313	97	111	111	114	287	173	3	176	26
311	90	101	101	103	270	167	2	169	41
307	96	109	109	111	278	167	2	169	29
307	85	97	97	99	265	166	2	168	42
306	115	127	127	128	291	163	1	164	15
291	116	127	127	128	274	146	1	147	17
289	94	107	107	108	278	170	1	171	11
284	88	98	98	99	255	156	1	157	29
281	80	92	92	94	243	149	2	151	38
277	64	73	73	74	240	166	1	167	37
275	114	126	126	128	255	127	2	129	20
274	107	119	119	121	255	134	2	136	19
271	62	70	70	72	239	167	2	169	32
261	82	95	95	96	244	148	1	149	17
261	54	59	59	60	229	169	1	170	32
260	58	64	64	66	233	167	2	169	27
259	69	78	78	79	240	161	1	162	19
255	104	117	117	118	239	121	1	122	16
255	87	97	97	99	245	146	2	148	10
251	103	116	116	118	226	108	2	110	25
251	57	62	62	64	232	168	2	170	19
241	99	112	112	114	226	112	2	114	15
239	98	112	112	114	226	112	2	114	13
238	53	57	57	58	221	163	1	164	17
226	95	109	109	112	205	93	3	96	21
225	47	51	51	53	210	157	2	159	15
225	46	49	49	50	206	156	1	157	19
223	49	51	51	52	206	154	1	155	17
213	41	46	46	47	194	147	1	148	19
212	44	47	47	48	195	147	1	148	17
211	93	105	105	107	193	86	2	88	18
208	35	41	41	43	171	128	2	130	37
205	91	103	103	105	193	88	2	90	12
204	139	152	152	154	169	15	2	17	35
203	137	150	150	151	163	12	1	13	40
202	141	155	155	157	171	14	2	16	31
197	40	46	46	47	188	141	1	142	9
193	81	93	93	94	167	73	1	74	26
189	138	150	150	152	168	16	2	18	21
186	135	146	146	147	151	4	1	5	35
182	86	97	97	98	167	69	1	70	15
178	89	99	99	100	167	67	1	68	11
178	133	146	146	148	162	14	2	16	16
173	106	118	118	120	140	20	2	22	33
171	124	135	135	137	147	10	2	12	24
167	77	91	91	92	155	63	1	64	12
165	79	92	92	94	155	61	2	63	10
155	74	86	86	89	132	43	3	46	23
153	84	96	96	98	118	20	2	22	35
152	119	130	130	131	142	11	1	12	10
150	101	113	113	115	131	16	2	18	19
149	102	114	114	115	135	20	1	21	14
148	130	145	145	147	148	1	2	3	0
146	129	143	143	145	146	1	2	3	0
146	92	105	105	107	121	14	2	16	25
141	83	96	96	98	114	16	2	18	27
139	126	137	137	138	139	1	1	2	0
139	125	136	136	138	139	1	2	3	0
135	123	133	133	134	135	1	1	2	0
134	122	132	132	133	134	1	1	2	0
132	67	78	78	80	120	40	2	42	12
131	71	81	81	83	91	8	2	10	40
126	111	123	123	125	126	1	2	3	0
125	110	122	122	124	125	1	2	3	0
122	66	76	76	77	108	31	1	32	14
120	65	74	74	75	108	33	1	34	12
119	105	117	117	118	119	1	1	2	0
115	32	35	35	36	95	59	1	60	20
114	30	33	33	34	77	43	1	44	37
108	61	68	68	69	89	20	1	21	19
108	63	71	71	73	74	1	2	3	34
106	48	51	51	53	65	12	2	14	41
104	59	65	65	67	88	21	2	23	16
104	55	60	60	62	84	22	2	24	20
102	60	67	67	69	73	4	2	6	29
100	70	79	79	81	82	1	2	3	18
100	37	44	44	46	60	14	2	16	40
95	56	60	60	61	69	8	1	9	26
94	78	91	91	93	94	1	2	3	0
92	76	90	90	91	92	1	1	2	0
91	75	88	88	90	91	1	2	3	0
89	51	55	55	57	66	9	2	11	23
88	50	53	53	55	62	7	2	9	26
86	73	84	84	85	86	1	1	2	0
85	72	83	83	84	85	1	1	2	0
85	23	28	28	29	75	46	1	47	10
84	52	55	55	56	62	6	1	7	22
80	68	78	78	79	80	1	1	2	0
73	20	23	23	24	32	8	1	9	41
70	36	43	43	45	58	13	2	15	12
66	39	45	45	47	55	8	2	10	11
63	34	39	39	40	52	12	1	13	11
62	38	44	44	46	50	4	2	6	12
62	28	32	32	34	35	1	2	3	27
58	26	31	31	33	39	6	2	8	19
55	24	30	30	32	33	1	2	3	22
55	25	30	30	32	37	5	2	7	18
55	17	17	17	18	19	1	1	2	36
52	45	49	49	51	52	1	2	3	0
52	22	27	27	28	39	11	1	12	13
50	15	15	15	16	31	15	1	16	19
49	43	46	46	48	49	1	2	3	0
48	42	46	46	47	48	1	1	2	0
47	18	19	19	22	33	11	3	14	14
40	33	37	37	39	40	1	2	3	0
40	3	2	2	4	5	1	2	3	35
39	10	7	7	8	9	1	1	2	30
37	31	35	35	36	37	1	1	2	0
35	27	32	32	34	35	1	2	3	0
35	11	9	9	11	12	1	2	3	23
34	13	12	12	13	18	5	1	6	16
33	9	6	6	7	18	11	1	12	15
33	5	3	3	5	6	1	2	3	27
31	6	3	3	4	5	1	1	2	26
28	2	2	2	3	4	1	1	2	24
27	21	25	25	26	27	1	1	2	0
27	16	15	15	16	17	1	1	2	10
27	12	12	12	14	15	1	2	3	12
24	19	21	21	23	24	1	2	3	0
22	4	2	2	4	5	1	2	3	17
18	7	3	3	4	5	1	1	2	13
18	1	1	1	3	4	1	2	3	14
17	14	14	14	16	17	1	2	3	0
6	8	4	4	5	6	1	1	2	0


Total Orders: 144 [ODG: 22, ODN: 20, OT: 25, OVC: 31, OVG: 15, OVN: 31]
Total Chefs: 18 [CS: 8, CN: 10]
Total Scooters: 7

Finished Orders: 97.917% 
Cancelled Orders: 2.083%

Averages for Finished Orders => Ti: 64.681, TC: 1.603, Tw: 66.284, Tserv: 18.291

Scooters Utilization: 89.806%
Chefs Utilization: 3.254%
