TF	ID	TQ	TA	TR	TS	Ti	TC	TW	Tserv
473	74	97	104	107	428	328	3	331	45
436	70	92	95	99	397	301	4	305	39
417	59	79	79	89	382	293	10	303	35
407	56	75	76	84	365	282	8	290	42
387	53	72	72	78	346	268	6	274	41
349	45	58	58	65	333	268	7	275	16
343	47	62	62	64	299	235	2	237	44
319	38	48	48	50	256	206	2	208	63
303	44	57	57	58	270	212	1	213	33
282	34	41	41	49	241	192	8	200	41
261	28	32	37	38	223	190	1	191	38
255	36	44	44	47	240	193	3	196	15
224	26	29	29	32	192	160	3	163	32
222	24	27	31	36	203	171	5	176	19
198	22	24	24	32	156	124	8	132	42
181	21	22	22	24	139	115	2	117	42
166	81	102	107	117	129	17	10	27	37
157	80	102	106	107	122	19	1	20	35
155	82	104	107	108	130	25	1	26	25
152	79	102	106	116	130	18	10	28	22
144	78	100	101	106	130	25	5	30	14
141	77	100	100	106	112	6	6	12	29
136	72	94	97	104	112	11	7	18	24
130	67	88	92	101	112	15	9	24	18
123	66	87	89	92	95	5	3	8	28
113	64	87	87	92	93	1	5	6	20
112	63	85	89	95	100	9	6	15	12
109	10	10	17	23	89	73	6	79	20
108	76	99	106	107	108	8	1	9	0
107	73	97	101	106	107	5	5	10	0
102	69	91	96	101	102	6	5	11	0
101	61	82	84	89	90	3	5	8	11
101	62	85	85	86	87	1	1	2	14
100	46	60	60	61	80	19	1	20	20
99	8	9	11	19	42	25	8	33	57
97	65	87	89	96	97	3	7	10	0
95	54	73	73	78	80	2	5	7	15
94	49	65	65	68	80	12	3	15	14
93	15	13	19	22	47	31	3	34	46
90	60	80	80	89	90	1	9	10	0
86	57	76	76	85	86	1	9	10	0
86	43	55	55	58	59	1	3	4	27
84	41	53	53	58	59	1	5	6	25
80	42	53	53	61	62	1	8	9	18
70	25	28	28	37	44	7	9	16	26
64	1	2	2	5	6	1	3	4	58
62	27	31	32	38	44	7	6	13	18
60	18	18	21	24	44	23	3	26	16
59	17	16	19	27	44	20	8	28	15
56	20	20	23	29	44	18	6	24	12
54	12	10	13	18	19	4	5	9	35
51	37	46	47	50	51	2	3	5	0
50	35	44	44	49	50	1	5	6	0
49	13	11	18	21	22	8	3	11	27
45	30	35	36	44	45	2	8	10	0
44	9	9	9	19	20	1	10	11	24
41	31	36	39	40	41	4	1	5	0
40	29	33	33	39	40	1	6	7	0
38	4	6	6	13	14	1	7	8	24
37	7	9	9	16	17	1	7	8	20
33	11	10	16	17	18	7	1	8	15
29	3	4	4	10	11	1	6	7	18
27	6	7	10	11	12	4	1	5	15
24	5	7	7	9	10	1	2	3	14


Total Orders: 82 [ODG: 13, ODN: 15, OT: 11, OVC: 20, OVG: 11, OVN: 12]
Total Chefs: 4 [CS: 2, CN: 2]
Total Scooters: 2

Finished Orders: 78.049% 
Cancelled Orders: 21.951%

Averages for Finished Orders => Ti: 62.438, TC: 5, Tw: 67.438, Tserv: 22.734

Scooters Utilization: 91.543%
Chefs Utilization: 18.975%
