TF	ID	TQ	TA	TR	TS	Ti	TC	TW	Tserv
2853	268	306	306	308	2824	2516	2	2518	29
2827	256	288	288	292	2782	2490	4	2494	45
2780	251	281	281	283	2736	2453	2	2455	44
2759	253	284	284	287	2736	2449	3	2452	23
2700	246	275	275	279	2664	2385	4	2389	36
2640	242	274	274	277	2616	2339	3	2342	24
2615	236	268	268	271	2568	2297	3	2300	47
2588	234	267	267	270	2560	2290	3	2293	28
2527	231	264	264	266	2494	2228	2	2230	33
2480	226	259	259	262	2466	2204	3	2207	14
2472	221	251	251	254	2456	2202	3	2205	16
2431	212	244	244	246	2404	2158	2	2160	27
2430	210	241	241	243	2404	2161	2	2163	26
2363	188	211	211	213	2322	2109	2	2111	41
2362	208	237	237	240	2330	2090	3	2093	32
2281	186	210	210	211	2240	2029	1	2030	41
2207	178	199	199	201	2174	1973	2	1975	33
2188	175	196	196	197	2144	1947	1	1948	44
2159	138	150	150	152	2144	1992	2	1994	15
2106	133	144	144	146	2084	1938	2	1940	22
2096	118	130	130	132	2048	1916	2	1918	48
2070	120	133	133	135	2056	1921	2	1923	14
2010	116	129	129	130	1972	1842	1	1843	38
1922	114	126	126	127	1872	1745	1	1746	50
1840	109	118	118	119	1808	1689	1	1690	32
1789	103	111	111	113	1770	1657	2	1659	19
1730	98	107	107	108	1682	1574	1	1575	48
1726	94	103	103	106	1682	1576	3	1579	44
1635	92	101	101	104	1596	1492	3	1495	39
1635	93	101	101	102	1588	1486	1	1487	47
1565	67	71	71	72	1542	1470	1	1471	23
1509	65	68	68	70	1476	1406	2	1408	33
1463	61	64	64	67	1450	1383	3	1386	13
1432	60	61	61	63	1414	1351	2	1353	18
1365	59	59	59	61	1316	1255	2	1257	49
1307	41	42	42	46	1290	1244	4	1248	17
1271	30	29	29	31	1234	1203	2	1205	37
1240	19	22	22	25	1190	1165	3	1168	50
1196	16	20	20	23	1158	1135	3	1138	38
1144	270	307	307	310	1098	788	3	791	46
1139	267	303	303	304	1096	792	1	793	43
1111	265	299	299	301	1085	784	2	786	26
1105	259	291	291	292	1060	768	1	769	45
1104	260	292	292	293	1067	774	1	775	37
1065	229	262	262	266	1034	768	4	772	31
1060	211	242	242	243	1019	776	1	777	41
1059	218	250	250	251	1020	769	1	770	39
1048	252	282	282	284	1036	752	2	754	12
1039	157	173	173	177	993	816	4	820	46
1030	158	174	174	177	993	816	3	819	37
1016	180	203	203	205	996	791	2	793	20
997	149	163	163	166	960	794	3	797	37
985	135	147	147	148	959	811	1	812	26
983	119	131	131	133	946	813	2	815	37
980	152	167	167	170	964	794	3	797	16
967	128	143	144	145	949	805	1	806	18
946	108	116	116	119	932	813	3	816	14
927	107	116	116	118	916	798	2	800	11
927	105	114	114	118	913	795	4	799	14
925	106	115	115	117	886	769	2	771	39
916	95	104	104	107	873	766	3	769	43
906	91	100	100	103	863	760	3	763	43
882	51	50	50	52	832	780	2	782	50
878	62	64	64	67	843	776	3	779	35
876	57	57	57	61	836	775	4	779	40
867	72	78	78	80	856	776	2	778	11
845	53	53	53	55	834	779	2	781	11
826	28	27	27	29	779	750	2	752	47
821	49	48	48	52	806	754	4	758	15
819	22	25	25	27	775	748	2	750	44
815	29	28	28	30	787	757	2	759	28
811	37	38	38	40	798	758	2	760	13
796	21	24	24	25	758	733	1	734	38
773	17	20	20	21	748	727	1	728	25
766	261	293	293	295	745	450	2	452	21
761	258	289	289	292	743	451	3	454	18
759	228	260	260	262	712	450	2	452	47
740	233	265	265	267	722	455	2	457	18
736	225	257	257	261	697	436	4	440	39
716	222	253	253	255	689	434	2	436	27
711	185	208	208	210	674	464	2	466	37
704	187	210	210	211	686	475	1	476	18
695	174	194	194	197	645	448	3	451	50
663	146	161	161	163	614	451	2	453	49
659	159	175	175	176	621	445	1	446	38
653	165	182	182	184	628	444	2	446	25
644	123	141	141	142	607	465	1	466	37
643	141	155	155	156	612	456	1	457	31
596	115	128	128	132	585	453	4	457	11
594	99	109	109	111	575	464	2	466	19
592	88	96	96	100	556	456	4	460	36
590	70	75	75	78	543	465	3	468	47
575	69	73	73	74	538	464	1	465	37
566	58	57	57	59	526	467	2	469	40
535	55	54	54	55	485	430	1	431	50
528	44	46	46	47	481	434	1	435	47
526	54	54	54	56	496	440	2	442	30
503	272	309	309	311	463	152	2	154	40
489	266	301	301	302	448	146	1	147	41
481	250	280	280	281	436	155	1	156	45
468	257	289	289	291	440	149	2	151	28
442	248	276	277	280	403	124	3	127	39
437	244	275	275	277	389	112	2	114	48
421	237	268	268	271	379	108	3	111	42
405	207	236	236	239	362	123	3	126	43
399	215	248	248	250	362	112	2	114	37
399	189	212	212	215	358	143	3	146	41
388	224	257	257	261	373	112	4	116	15
374	194	219	219	220	359	139	1	140	15
348	164	181	181	184	317	133	3	136	31
347	173	190	190	191	332	141	1	142	15
338	160	177	177	180	314	134	3	137	24
338	153	167	167	168	303	135	1	136	35
332	274	311	311	313	314	1	2	3	18
328	275	311	311	313	314	1	2	3	14
326	273	309	309	310	311	1	1	2	15
326	263	295	295	297	298	1	2	3	28
324	262	294	294	295	296	1	1	2	28
324	148	163	163	167	297	130	4	134	27
321	269	307	307	310	311	1	3	4	10
319	154	168	168	172	306	134	4	138	13
311	271	309	309	310	311	1	1	2	0
308	254	286	286	290	291	1	4	5	17
307	140	154	154	156	264	108	2	110	43
300	264	297	297	299	300	1	2	3	0
298	249	278	278	280	281	1	2	3	17
297	240	271	271	273	274	1	2	3	23
293	241	272	272	275	276	1	3	4	17
289	227	259	259	262	263	1	3	4	26
287	235	268	268	270	271	1	2	3	16
286	223	255	255	258	259	1	3	4	27
286	113	124	124	127	255	128	3	131	31
284	239	269	270	273	274	2	3	5	10
279	245	275	275	278	279	1	3	4	0
279	216	250	250	252	253	1	2	3	26
277	247	275	275	276	277	1	1	2	0
276	124	142	142	144	257	113	2	115	19
274	238	268	270	273	274	3	3	6	0
274	110	119	119	121	234	113	2	115	40
267	232	265	265	266	267	1	1	2	0
267	209	239	239	240	241	1	1	2	26
264	214	246	246	247	248	1	1	2	16
260	100	109	109	111	214	103	2	105	46
259	102	111	111	112	221	109	1	110	38
257	213	245	245	246	247	1	1	2	10
255	204	231	231	233	234	1	2	3	21
253	219	250	250	252	253	1	2	3	0
253	217	250	250	252	253	1	2	3	0
250	201	228	228	231	232	1	3	4	18
249	206	234	234	235	236	1	1	2	13
249	195	221	221	223	224	1	2	3	25
248	200	227	227	228	229	1	1	2	19
243	197	223	223	224	225	1	1	2	18
242	104	113	113	116	227	111	3	114	15
237	198	225	225	226	227	1	1	2	10
237	97	105	105	107	210	103	2	105	27
235	205	233	233	234	235	1	1	2	0
234	202	229	229	233	234	1	4	5	0
233	190	214	214	215	216	1	1	2	17
230	199	226	226	229	230	1	3	4	0
228	191	215	215	216	217	1	1	2	11
227	179	201	201	203	204	1	2	3	23
226	196	222	222	225	226	1	3	4	0
226	183	205	205	208	209	1	3	4	17
225	177	198	198	201	202	1	3	4	23
223	89	97	97	101	199	98	4	102	24
222	182	203	203	204	205	1	1	2	17
220	193	217	217	219	220	1	2	3	0
218	176	198	198	202	203	1	4	5	15
217	192	215	215	216	217	1	1	2	0
215	96	104	104	106	204	98	2	100	11
214	167	183	183	185	186	1	2	3	28
212	171	187	187	188	200	12	1	13	12
211	172	189	189	190	200	10	1	11	11
211	87	94	94	95	195	100	1	101	16
206	155	170	170	172	185	13	2	15	21
203	169	184	184	186	187	1	2	3	16
201	147	161	161	165	173	8	4	12	28
201	74	78	78	80	181	101	2	103	20
200	162	178	178	181	186	5	3	8	14
197	151	166	166	167	173	6	1	7	24
193	80	87	87	88	182	94	1	95	11
190	170	187	187	189	190	1	2	3	0
187	166	183	183	186	187	1	3	4	0
186	144	159	159	161	162	1	2	3	24
185	145	161	161	164	168	4	3	7	17
184	150	164	164	165	173	8	1	9	11
182	161	178	178	181	182	1	3	4	0
181	64	67	67	69	152	83	2	85	29
179	48	48	48	52	152	100	4	104	27
173	139	152	152	155	156	1	3	4	17
168	136	148	148	149	150	1	1	2	18
165	42	43	43	45	131	86	2	88	34
159	142	157	157	158	159	1	1	2	0
158	127	143	143	146	147	1	3	4	11
155	126	143	143	144	145	1	1	2	10
155	112	122	122	125	126	1	3	4	29
155	40	40	40	43	128	85	3	88	27
152	38	38	38	39	109	70	1	71	43
151	121	135	135	139	140	1	4	5	11
151	117	129	129	130	131	1	1	2	20
150	137	148	148	149	150	1	1	2	0
147	134	145	145	146	147	1	1	2	0
146	130	143	143	145	146	1	2	3	0
145	131	143	143	144	145	1	1	2	0
144	125	142	142	143	144	1	1	2	0
139	122	136	136	138	139	1	2	3	0
134	33	31	31	34	87	53	3	56	47
130	11	17	17	20	108	88	3	91	22
109	86	94	94	95	96	1	1	2	13
109	34	32	32	35	90	55	3	58	19
108	83	89	89	90	91	1	1	2	17
106	85	93	93	94	95	1	1	2	11
105	82	88	88	91	92	1	3	4	13
103	78	84	84	87	88	1	3	4	15
102	81	87	87	88	89	1	1	2	13
101	23	25	25	29	71	42	4	46	30
100	71	77	77	80	81	1	3	4	19
96	27	27	27	28	84	56	1	57	12
94	77	82	82	83	84	1	1	2	10
90	68	72	72	75	76	1	3	4	14
86	76	82	82	85	86	1	3	4	0
86	66	69	69	71	72	1	2	3	14
83	75	80	80	82	83	1	2	3	0
81	73	78	78	80	81	1	2	3	0
73	52	53	53	55	56	1	2	3	17
71	45	47	47	48	49	1	1	2	22
69	63	66	66	68	69	1	2	3	0
67	39	38	38	41	42	1	3	4	25
65	36	37	37	38	46	8	1	9	19
62	9	14	14	15	16	1	1	2	46
59	46	47	47	48	49	1	1	2	10
59	3	4	4	8	9	1	4	5	50
54	18	21	21	24	37	13	3	16	17
51	6	8	8	11	12	1	3	4	39
50	24	26	26	27	28	1	1	2	22
49	47	47	47	48	49	1	1	2	0
48	43	45	45	47	48	1	2	3	0
47	4	4	4	6	7	1	2	3	40
45	12	17	17	20	21	1	3	4	24
37	35	35	35	36	37	1	1	2	0
36	10	16	16	18	19	1	2	3	17
35	32	31	31	34	35	1	3	4	0
35	8	12	12	15	16	1	3	4	19
34	13	19	19	20	21	1	1	2	13
34	15	20	20	21	22	1	1	2	12
32	31	30	30	31	32	1	1	2	0
31	26	27	27	30	31	1	3	4	0
30	7	10	10	13	14	1	3	4	16
21	1	2	2	4	5	1	2	3	16
10	5	6	6	9	10	1	3	4	0
4	2	2	2	3	4	1	1	2	0


Total Orders: 275 [ODG: 32, ODN: 38, OT: 36, OVC: 49, OVG: 40, OVN: 40, COMBO: 40]
Total Chefs: 9 [CS: 4, CN: 5]
Total Scooters: 1

Finished Orders: 91.636% 
Cancelled Orders: 8.364%

Overwait Threshold: 25
Overwait OVG Orders: 14.545%
Rescue Scooters Deployed: 1

Averages for Finished Orders => Ti: 456.567, TC: 2.139, Tw: 458.706, Tserv: 23.067

Scooters Utilization: 84.192%
Chefs Utilization: 2.804%
