TF	ID	TQ	TA	TR	TS	Ti	TC	TW	Tserv
196	37	36	36	38	147	109	2	111	49
192	42	39	39	41	170	129	2	131	22
171	35	35	35	37	123	86	2	88	48
154	31	33	33	35	106	71	2	73	48
151	36	35	35	37	115	78	2	80	36
136	30	32	32	34	102	68	2	70	34
112	28	31	31	33	77	44	2	46	35
105	29	32	32	34	87	53	2	55	18
97	46	43	43	44	69	25	1	26	28
95	45	40	40	42	69	27	2	29	26
93	34	35	35	36	69	33	1	34	24
92	43	40	40	42	69	27	2	29	23
92	39	37	37	41	69	28	4	32	23
91	23	24	24	25	76	51	1	52	15
86	20	20	20	24	57	33	4	37	29
72	33	33	33	34	59	25	1	26	13
69	21	21	21	22	43	21	1	22	26
60	15	16	16	17	18	1	1	2	42
59	12	13	13	15	40	25	2	27	19
59	17	18	18	19	41	22	1	23	18
58	25	26	26	29	43	14	3	17	15
57	13	15	15	18	40	22	3	25	17
53	18	18	18	20	40	20	2	22	13
52	14	15	15	17	40	23	2	25	12
51	11	12	12	14	15	1	2	3	36
48	19	18	18	19	20	1	1	2	28
44	44	40	40	43	44	1	3	4	0
43	9	9	9	12	23	11	3	14	20
42	41	39	39	41	42	1	2	3	0
41	40	39	39	40	41	1	1	2	0
40	10	11	11	13	26	13	2	15	14
32	2	2	2	6	7	1	4	5	25
29	26	27	27	28	29	1	1	2	0
28	24	25	25	27	28	1	2	3	0
26	22	23	23	25	26	1	2	3	0
26	3	3	3	6	7	1	3	4	19
26	8	7	7	10	11	1	3	4	15
23	4	3	3	5	6	1	2	3	17
19	16	17	17	18	19	1	1	2	0
8	6	4	4	7	8	1	3	4	0
7	7	5	5	6	7	1	1	2	0
6	1	2	2	5	6	1	3	4	0
5	5	3	3	4	5	1	1	2	0


Total Orders: 46 [ODG: 8, ODN: 8, OT: 11, OVC: 4, OVG: 7, OVN: 8]
Total Chefs: 8 [CS: 3, CN: 5]
Total Scooters: 1

Finished Orders: 93.478% 
Cancelled Orders: 6.522%

Averages for Finished Orders => Ti: 25.023, TC: 2.023, Tw: 27.047, Tserv: 18.767

Scooters Utilization: 91.837%
Chefs Utilization: 5.804%
