TF	ID	TQ	TA	TR	TS	Ti	TC	TW	Tserv
3299	709	802	802	803	3257	2454	1	2455	42
3274	694	785	785	788	3233	2445	3	2448	41
3245	680	769	769	772	3233	2461	3	2464	12
3219	683	770	770	771	3205	2434	1	2435	14
3192	670	761	761	762	3179	2417	1	2418	13
3162	655	738	738	740	3145	2405	2	2407	17
3160	651	735	735	738	3136	2398	3	2401	24
3123	647	730	730	732	3101	2369	2	2371	22
3101	616	695	695	698	3066	2368	3	2371	35
3081	643	727	727	729	3066	2337	2	2339	15
3042	612	691	691	692	3018	2326	1	2327	24
3002	607	687	687	688	2991	2303	1	2304	11
2990	602	676	676	679	2962	2283	3	2286	28
2962	588	658	658	659	2933	2274	1	2275	29
2950	592	664	664	665	2938	2273	1	2274	12
2947	590	660	660	663	2933	2270	3	2273	14
2910	583	653	653	656	2895	2239	3	2242	15
2904	556	620	620	623	2875	2252	3	2255	29
2885	564	632	632	635	2875	2240	3	2243	10
2833	553	617	617	618	2791	2173	1	2174	42
2820	518	576	576	577	2785	2208	1	2209	35
2755	515	573	573	576	2723	2147	3	2150	32
2752	513	571	571	572	2713	2141	1	2142	39
2749	511	568	568	571	2713	2142	3	2145	36
2731	486	549	549	551	2691	2140	2	2142	40
2702	506	564	564	565	2691	2126	1	2127	11
2684	485	549	549	551	2645	2094	2	2096	39
2668	480	546	546	549	2645	2096	3	2099	23
2609	479	545	545	546	2573	2027	1	2028	36
2600	467	535	535	537	2568	2031	2	2033	32
2537	456	526	526	529	2506	1977	3	1980	31
2470	458	526	526	527	2434	1907	1	1908	36
2407	449	520	520	521	2380	1859	1	1860	27
2394	448	519	519	522	2380	1858	3	1861	14
2339	446	517	517	519	2298	1779	2	1781	41
2290	420	478	478	481	2248	1767	3	1770	42
2287	431	497	497	498	2250	1752	1	1753	37
2273	439	506	506	507	2250	1743	1	1744	23
2273	404	459	459	460	2248	1788	1	1789	25
2266	437	503	503	505	2250	1745	2	1747	16
2236	403	458	458	459	2222	1763	1	1764	14
2235	399	452	452	454	2222	1768	2	1770	13
2189	397	449	449	452	2156	1704	3	1707	33
2145	380	427	427	429	2134	1705	2	1707	11
2130	372	420	420	421	2113	1692	1	1693	17
2100	363	405	405	406	2066	1660	1	1661	34
2097	367	412	412	414	2071	1657	2	1659	26
2088	347	390	390	391	2063	1672	1	1673	25
2030	316	357	357	358	1997	1639	1	1640	33
2029	307	344	344	346	1992	1646	2	1648	37
1953	306	343	343	345	1914	1569	2	1571	39
1920	304	342	342	344	1889	1545	2	1547	31
1875	293	329	329	330	1836	1506	1	1507	39
1871	298	334	334	336	1853	1517	2	1519	18
1827	287	321	321	322	1806	1484	1	1485	21
1824	288	322	322	325	1806	1481	3	1484	18
1810	278	310	310	312	1784	1472	2	1474	26
1766	260	288	288	290	1726	1436	2	1438	40
1755	276	307	307	310	1726	1416	3	1419	29
1751	263	291	291	293	1726	1433	2	1435	25
1701	256	285	285	287	1676	1389	2	1391	25
1639	253	280	280	282	1602	1320	2	1322	37
1579	239	265	265	266	1556	1290	1	1291	23
1577	248	275	275	278	1556	1278	3	1281	21
1519	231	256	256	259	1482	1223	3	1226	37
1470	226	253	253	255	1446	1191	2	1193	24
1445	216	243	243	244	1413	1169	1	1170	32
1427	217	243	243	245	1413	1168	2	1170	14
1415	182	197	197	199	1384	1185	2	1187	31
1399	201	222	222	223	1385	1162	1	1163	14
1358	177	195	195	197	1332	1135	2	1137	26
1356	174	194	194	196	1327	1131	2	1133	29
1307	165	182	182	185	1287	1102	3	1105	20
1272	155	172	172	174	1257	1083	2	1085	15
1217	140	158	158	159	1177	1018	1	1019	40
1205	136	155	155	157	1172	1015	2	1017	33
1142	112	125	125	127	1112	985	2	987	30
1086	111	124	124	126	1060	934	2	936	26
1077	106	120	120	122	1048	926	2	928	29
1024	90	103	103	104	988	884	1	885	36
1019	103	117	117	119	988	869	2	871	31
1018	101	114	114	115	988	873	1	874	30
965	80	93	93	94	942	848	1	849	23
959	83	97	97	98	942	844	1	845	17
919	74	82	82	84	896	812	2	814	23
897	695	786	786	787	858	71	1	72	39
892	707	802	802	804	866	62	2	64	26
891	704	799	799	800	866	66	1	67	25
887	691	782	782	784	856	72	2	74	31
884	675	764	764	765	845	80	1	81	39
870	689	778	778	779	855	76	1	77	15
870	687	775	775	777	849	72	2	74	21
865	664	753	753	754	839	85	1	86	26
861	681	770	770	771	846	75	1	76	15
861	708	802	802	804	836	32	2	34	25
859	652	736	736	737	818	81	1	82	41
859	700	794	794	795	818	23	1	24	41
856	671	761	761	763	841	78	2	80	15
850	642	727	727	728	809	81	1	82	41
850	636	720	720	722	808	86	2	88	42
849	656	739	739	740	824	84	1	85	25
848	657	742	742	744	838	94	2	96	10
846	654	738	738	739	820	81	1	82	26
843	615	694	694	695	803	108	1	109	40
841	698	790	790	791	815	24	1	25	26
840	650	734	734	735	811	76	1	77	29
837	653	736	736	738	819	81	2	83	18
835	632	713	713	714	804	90	1	91	31
829	693	785	785	787	792	5	2	7	37
826	646	729	729	730	811	81	1	82	15
825	688	777	777	778	801	23	1	24	24
820	635	719	719	721	806	85	2	87	14
820	699	792	792	793	794	1	1	2	26
818	702	797	797	799	800	1	2	3	18
818	594	666	666	668	780	112	2	114	38
815	696	787	787	790	791	1	3	4	24
811	703	798	798	800	802	2	2	4	9
811	674	762	762	764	777	13	2	15	34
810	701	796	796	797	798	1	1	2	12
809	666	756	756	759	780	21	3	24	29
807	690	779	779	781	782	1	2	3	25
807	575	641	641	643	778	135	2	137	29
805	679	767	767	770	791	21	3	24	14
804	706	802	802	803	804	1	1	2	0
804	686	775	775	777	778	1	2	3	26
802	705	800	800	801	802	1	1	2	0
802	672	762	762	764	786	22	2	24	16
800	685	773	773	775	776	1	2	3	24
798	678	767	767	770	771	1	3	4	27
797	682	770	770	771	772	1	1	2	25
794	684	772	772	775	776	1	3	4	18
793	697	790	790	792	793	1	2	3	0
793	600	674	674	675	783	108	1	109	10
791	576	643	643	645	778	133	2	135	13
789	669	759	759	760	761	1	1	2	28
788	571	639	639	640	758	118	1	119	30
787	692	784	784	786	787	1	2	3	0
787	659	743	743	746	773	27	3	30	14
787	673	762	762	764	765	1	2	3	22
784	677	766	766	767	768	1	1	2	16
782	570	639	639	640	754	114	1	115	28
782	638	722	722	723	745	22	1	23	37
781	663	752	752	753	754	1	1	2	27
777	667	756	756	757	758	1	1	2	19
777	634	718	718	719	743	24	1	25	34
775	658	743	743	744	747	3	1	4	28
773	629	708	708	710	735	25	2	27	38
770	624	704	704	705	734	29	1	30	36
768	661	746	746	748	750	2	2	4	18
763	649	732	732	733	734	1	1	2	29
763	565	633	633	635	751	116	2	118	12
760	611	690	690	691	718	27	1	28	42
759	668	756	756	758	759	1	2	3	0
758	619	697	697	699	724	25	2	27	34
757	665	755	755	756	757	1	1	2	0
756	627	704	704	706	734	28	2	30	22
754	662	751	751	753	754	1	2	3	0
752	641	725	725	726	727	1	1	2	25
751	648	731	731	733	734	1	2	3	17
751	558	621	621	622	711	89	1	90	40
749	625	704	704	705	709	4	1	5	40
748	614	694	694	695	719	24	1	25	29
746	660	744	744	745	746	1	1	2	0
742	623	703	703	704	730	26	1	27	12
742	551	616	616	617	711	94	1	95	31
741	645	727	727	728	729	1	1	2	12
741	618	697	697	698	699	1	1	2	42
738	622	701	701	703	729	26	2	28	9
735	562	628	628	629	719	90	1	91	16
735	621	699	699	700	702	2	1	3	33
729	644	727	727	728	729	1	1	2	0
726	631	711	711	712	713	1	1	2	13
725	630	709	709	710	711	1	1	2	14
725	589	659	659	662	685	23	3	26	40
724	637	721	721	723	724	1	2	3	0
724	628	706	706	708	709	1	2	3	15
722	613	693	693	694	695	1	1	2	27
722	608	687	687	689	693	4	2	6	29
721	617	696	696	699	700	1	3	4	21
720	535	598	598	599	697	98	1	99	23
719	626	704	704	705	706	1	1	2	13
717	633	715	715	716	717	1	1	2	0
717	548	615	615	617	705	88	2	90	12
717	532	594	594	595	676	81	1	82	41
714	610	688	688	690	694	4	2	6	20
710	601	674	674	676	691	15	2	17	19
709	586	656	656	657	668	11	1	12	41
708	606	684	684	686	687	1	2	3	21
708	546	612	612	614	697	83	2	85	11
708	593	666	666	667	671	4	1	5	37
707	605	683	683	685	686	1	2	3	21
706	582	653	653	656	677	21	3	24	29
701	597	671	671	672	673	1	1	2	28
699	620	697	697	698	699	1	1	2	0
698	568	635	635	637	666	29	2	31	32
695	587	657	657	659	671	12	2	14	24
694	577	647	647	649	670	21	2	23	24
691	609	688	688	690	691	1	2	3	0
691	595	668	668	669	670	1	1	2	21
691	579	649	649	651	673	22	2	24	18
687	574	640	640	642	650	8	2	10	37
686	596	669	669	670	671	1	1	2	15
684	528	591	591	593	674	81	2	83	10
683	563	630	630	631	655	24	1	25	28
681	603	678	678	680	681	1	2	3	0
681	581	651	651	653	668	15	2	17	13
678	555	618	618	620	645	25	2	27	33
676	567	634	634	637	661	24	3	27	15
675	598	672	672	674	675	1	2	3	0
674	599	672	672	673	674	1	1	2	0
668	572	639	639	641	642	1	2	3	26
667	537	601	601	604	629	25	3	28	38
666	580	649	649	651	655	4	2	6	11
665	544	608	608	610	637	27	2	29	28
664	591	662	662	663	664	1	1	2	0
663	578	649	649	650	651	1	1	2	12
663	569	636	636	638	639	1	2	3	24
661	547	613	613	614	637	23	1	24	24
657	585	654	654	656	657	1	2	3	0
657	560	626	626	627	628	1	1	2	29
657	542	605	605	606	617	11	1	12	40
656	573	640	640	642	643	1	2	3	13
656	550	615	615	618	639	21	3	24	17
655	584	653	653	654	655	1	1	2	0
654	545	611	611	612	637	25	1	26	17
653	538	602	602	604	632	28	2	30	21
651	534	597	597	599	626	27	2	29	25
651	522	582	582	583	610	27	1	28	41
647	552	617	617	619	620	1	2	3	27
640	554	618	618	620	621	1	2	3	19
638	525	586	586	588	610	22	2	24	28
637	566	634	634	636	637	1	2	3	0
634	487	551	551	552	600	48	1	49	34
634	527	590	590	591	597	6	1	7	37
633	557	620	620	621	622	1	1	2	11
632	549	615	615	616	617	1	1	2	15
632	541	603	603	606	607	1	3	4	25
631	561	628	628	630	631	1	2	3	0
631	521	581	581	583	601	18	2	20	30
631	524	584	584	585	594	9	1	10	37
630	523	582	582	583	590	7	1	8	40
629	533	596	596	597	619	22	1	23	10
627	559	624	624	626	627	1	2	3	0
626	526	588	588	590	597	7	2	9	29
625	536	600	600	602	613	11	2	13	12
619	510	568	568	569	601	32	1	33	18
617	512	569	569	570	589	19	1	20	28
617	508	565	565	566	589	23	1	24	28
617	492	554	554	555	579	24	1	25	38
609	520	580	580	582	583	1	2	3	26
609	494	556	556	559	581	22	3	25	28
608	530	592	592	594	595	1	2	3	13
608	529	591	591	592	593	1	1	2	15
608	503	562	562	564	587	23	2	25	21
605	540	603	603	604	605	1	1	2	0
604	504	563	563	565	582	17	2	19	22
600	514	571	571	573	574	1	2	3	26
600	496	557	557	558	568	10	1	11	32
598	502	562	562	563	586	23	1	24	12
597	488	551	551	553	575	22	2	24	22
596	505	564	564	566	567	1	2	3	29
595	531	593	593	594	595	1	1	2	0
595	517	576	576	578	579	1	2	3	16
593	499	559	559	560	569	9	1	10	24
592	507	565	565	566	567	1	1	2	25
591	498	558	558	560	569	9	2	11	22
587	489	552	552	554	557	3	2	5	30
586	500	560	560	561	562	1	1	2	24
586	501	560	560	561	571	10	1	11	15
581	519	578	578	580	581	1	2	3	0
580	482	547	547	549	550	1	2	3	30
577	516	575	575	576	577	1	1	2	0
576	493	554	554	556	557	1	2	3	19
575	490	553	553	555	563	8	2	10	12
572	470	538	538	539	547	8	1	9	25
570	491	554	554	555	556	1	1	2	14
569	466	534	534	537	541	4	3	7	28
568	472	540	540	542	543	1	2	3	25
567	469	536	536	539	545	6	3	9	22
567	462	532	532	533	534	1	1	2	33
566	468	536	536	537	538	1	1	2	28
565	478	543	543	544	548	4	1	5	17
564	454	524	524	526	527	1	2	3	37
563	464	534	534	536	537	1	2	3	26
562	477	543	543	545	549	4	2	6	13
561	497	558	558	560	561	1	2	3	0
561	476	543	543	544	545	1	1	2	16
560	465	534	534	536	539	3	2	5	21
559	495	557	557	558	559	1	1	2	0
559	457	526	526	527	528	1	1	2	31
556	474	542	542	544	545	1	2	3	11
556	460	530	530	532	533	1	2	3	23
554	438	505	505	507	514	7	2	9	40
551	484	549	549	550	551	1	1	2	0
551	483	549	549	550	551	1	1	2	0
551	463	534	534	536	539	3	2	5	12
550	481	547	547	549	550	1	2	3	0
548	459	528	528	529	530	1	1	2	18
547	450	520	520	521	522	1	1	2	25
544	475	542	542	543	544	1	1	2	0
543	423	484	484	485	507	22	1	23	36
542	473	540	540	541	542	1	1	2	0
541	471	539	539	540	541	1	1	2	0
541	455	524	524	527	528	1	3	4	13
540	433	498	498	499	509	10	1	11	31
539	434	498	498	499	510	11	1	12	29
539	425	490	490	492	509	17	2	19	30
538	453	523	523	526	527	1	3	4	11
538	445	515	515	516	519	3	1	4	19
537	452	523	523	525	526	1	2	3	11
534	461	531	531	533	534	1	2	3	0
531	435	500	500	501	502	1	1	2	29
531	415	468	468	469	493	24	1	25	38
529	443	511	511	514	515	1	3	4	14
528	432	498	498	499	500	1	1	2	28
528	440	508	508	510	511	1	2	3	17
526	411	464	464	465	505	40	1	41	21
524	429	497	497	498	499	1	1	2	25
524	424	486	486	487	509	22	1	23	15
523	451	521	521	522	523	1	1	2	0
522	430	497	497	498	499	1	1	2	23
521	447	519	519	520	521	1	1	2	0
519	409	463	463	464	499	35	1	36	20
516	444	513	513	515	516	1	2	3	0
513	441	510	510	512	513	1	2	3	0
512	442	510	510	511	512	1	1	2	0
510	396	447	447	448	471	23	1	24	39
506	405	461	461	463	489	26	2	28	17
506	386	435	435	436	471	35	1	36	35
504	436	501	501	503	504	1	2	3	0
504	410	464	464	466	469	3	2	5	35
503	400	456	456	459	478	19	3	22	25
502	419	476	476	478	479	1	2	3	23
499	428	497	497	498	499	1	1	2	0
499	427	496	496	498	499	1	2	3	0
499	388	437	437	438	463	25	1	26	36
498	417	472	472	473	477	4	1	5	21
497	422	480	480	482	483	1	2	3	14
495	426	492	492	494	495	1	2	3	0
493	398	450	450	451	472	21	1	22	21
491	421	479	479	480	481	1	1	2	10
491	376	425	425	427	471	44	2	46	20
485	416	470	470	471	472	1	1	2	13
485	384	433	433	436	461	25	3	28	24
483	401	457	457	458	459	1	1	2	24
483	379	425	425	426	456	30	1	31	27
482	374	422	422	423	444	21	1	22	38
482	349	392	392	393	443	50	1	51	39
481	412	466	466	467	468	1	1	2	13
481	408	463	463	464	465	1	1	2	16
477	407	462	462	463	464	1	1	2	13
476	418	474	474	475	476	1	1	2	0
476	406	462	462	463	464	1	1	2	12
476	395	447	447	449	450	1	2	3	26
472	378	425	425	427	435	8	2	10	37
471	414	468	468	470	471	1	2	3	0
471	394	445	445	447	449	2	2	4	22
470	346	389	389	390	435	45	1	46	35
469	413	467	467	468	469	1	1	2	0
468	392	440	440	441	442	1	1	2	26
468	326	367	367	369	427	58	2	60	41
466	365	408	408	409	433	24	1	25	33
466	323	363	363	365	425	60	2	62	41
465	361	403	403	404	453	49	1	50	12
464	393	443	443	446	447	1	3	4	17
463	387	436	436	437	438	1	1	2	25
462	355	400	400	402	452	50	2	52	10
458	375	423	423	424	445	21	1	22	13
456	373	421	421	422	423	1	1	2	33
454	385	434	434	435	437	2	1	3	17
453	390	439	439	440	443	3	1	4	10
451	389	437	437	439	440	1	2	3	11
450	383	431	431	433	434	1	2	3	16
446	364	407	407	408	431	23	1	24	15
444	362	404	404	405	414	9	1	10	30
443	381	427	427	428	429	1	1	2	14
442	391	440	440	441	442	1	1	2	0
440	377	425	425	427	428	1	2	3	12
439	341	385	385	388	409	21	3	24	30
438	348	392	392	393	398	5	1	6	40
435	321	361	361	363	418	55	2	57	17
433	329	371	371	372	395	23	1	24	38
432	382	429	429	431	432	1	2	3	0
432	371	417	417	418	419	1	1	2	13
431	369	415	415	417	418	1	2	3	13
431	350	392	392	394	417	23	2	25	14
429	368	414	414	416	417	1	2	3	12
429	357	401	401	402	403	1	1	2	26
425	338	383	383	385	407	22	2	24	18
424	366	410	410	411	412	1	1	2	12
424	359	402	402	403	404	1	1	2	20
423	328	370	370	372	393	21	2	23	30
420	345	388	388	389	410	21	1	22	10
420	336	379	379	382	403	21	3	24	17
418	370	415	415	417	418	1	2	3	0
418	356	401	401	403	408	5	2	7	10
416	352	393	393	394	401	7	1	8	15
414	339	383	383	386	387	1	3	4	27
414	312	350	350	352	377	25	2	27	37
413	340	384	384	385	396	11	1	12	17
410	319	360	360	362	377	15	2	17	33
407	295	331	331	332	370	38	1	39	37
405	360	403	403	404	405	1	1	2	0
405	337	381	381	382	392	10	1	11	13
404	358	402	402	403	404	1	1	2	0
403	344	386	386	387	388	1	1	2	15
402	354	399	399	401	402	1	2	3	0
400	335	377	377	379	380	1	2	3	20
400	301	338	338	339	361	22	1	23	39
398	342	385	385	387	388	1	2	3	10
397	309	346	346	347	376	29	1	30	21
395	351	393	393	394	395	1	1	2	0
395	331	371	371	373	374	1	2	3	21
395	297	333	333	334	373	39	1	40	22
390	330	371	371	373	374	1	2	3	16
390	300	337	337	339	373	34	2	36	17
389	324	365	365	368	369	1	3	4	20
388	343	385	385	387	388	1	2	3	0
387	327	368	368	369	370	1	1	2	17
387	291	327	327	328	352	24	1	25	35
386	317	359	359	360	361	1	1	2	25
385	332	371	371	373	374	1	2	3	11
385	325	366	366	369	370	1	3	4	15
385	303	340	340	341	375	34	1	35	10
384	286	321	321	323	358	35	2	37	26
384	305	342	342	343	348	5	1	6	36
383	285	320	320	322	357	35	2	37	26
381	314	353	353	356	357	1	3	4	24
379	283	318	318	319	357	38	1	39	22
378	333	375	375	377	378	1	2	3	0
378	320	360	360	362	364	2	2	4	14
377	334	375	375	376	377	1	1	2	0
375	313	351	351	352	353	1	1	2	22
374	308	345	345	346	347	1	1	2	27
374	280	314	314	316	355	39	2	41	19
372	310	348	348	349	350	1	1	2	22
371	294	331	331	333	334	1	2	3	37
369	274	307	307	309	342	33	2	35	27
366	299	336	336	338	339	1	2	3	27
364	322	362	362	363	364	1	1	2	0
364	290	325	325	327	330	3	2	5	34
363	318	360	360	362	363	1	2	3	0
358	315	355	355	357	358	1	2	3	0
357	271	301	301	303	316	13	2	15	41
356	302	339	339	341	342	1	2	3	14
356	296	332	332	334	336	2	2	4	20
354	268	296	296	298	338	40	2	42	16
352	311	350	350	351	352	1	1	2	0
352	264	292	292	294	334	40	2	42	18
346	279	312	312	314	319	5	2	7	27
346	270	299	299	301	315	14	2	16	31
344	289	323	323	324	327	3	1	4	17
344	267	294	294	296	311	15	2	17	33
343	272	304	304	306	318	12	2	14	25
338	258	288	288	290	324	34	2	36	14
336	282	317	317	318	319	1	1	2	17
335	275	307	307	308	309	1	1	2	26
335	254	283	283	285	322	37	2	39	13
333	284	318	318	320	321	1	2	3	12
331	259	288	288	289	310	21	1	22	21
330	292	328	328	329	330	1	1	2	0
329	273	306	306	309	310	1	3	4	19
325	269	298	298	299	300	1	1	2	25
324	242	265	265	267	289	22	2	24	35
322	251	278	278	279	302	23	1	24	20
322	261	290	290	292	294	2	2	4	28
317	281	315	315	316	317	1	1	2	0
317	225	251	251	252	276	24	1	25	41
316	233	258	258	259	280	21	1	22	36
313	236	261	261	262	288	26	1	27	25
312	277	309	309	311	312	1	2	3	0
312	265	292	292	294	295	1	2	3	17
309	255	285	285	287	288	1	2	3	21
308	262	290	290	291	292	1	1	2	16
308	235	259	259	260	282	22	1	23	26
306	227	254	254	256	276	20	2	22	30
305	266	293	293	294	295	1	1	2	10
304	247	274	274	277	292	15	3	18	12
303	250	277	277	279	280	1	2	3	23
302	243	267	267	268	290	22	1	23	12
301	257	286	286	287	288	1	1	2	13
301	183	198	198	199	268	69	1	70	33
300	209	234	234	235	276	41	1	42	24
300	192	211	211	212	270	58	1	59	30
298	234	259	259	261	286	25	2	27	12
296	240	265	265	266	267	1	1	2	29
295	244	268	268	270	271	1	2	3	24
295	198	218	218	219	275	56	1	57	20
294	246	272	272	274	275	1	2	3	19
294	221	246	246	248	270	22	2	24	24
291	249	275	275	277	278	1	2	3	13
289	219	243	243	244	276	32	1	33	13
288	224	251	251	252	254	2	1	3	34
284	228	254	254	256	257	1	2	3	27
282	206	229	229	231	253	22	2	24	29
281	241	265	265	266	267	1	1	2	14
281	194	214	214	216	270	54	2	56	11
280	232	258	258	260	261	1	2	3	19
279	229	254	254	255	256	1	1	2	23
278	238	263	263	264	266	2	1	3	12
276	230	256	256	257	258	1	1	2	18
276	175	194	194	196	264	68	2	70	12
273	245	270	270	272	273	1	2	3	0
271	223	249	249	250	251	1	1	2	20
271	212	237	237	238	262	24	1	25	9
269	163	180	180	181	249	68	1	69	20
268	214	239	239	240	241	1	1	2	27
268	199	220	220	221	242	21	1	22	26
267	210	236	236	238	239	1	2	3	28
267	169	186	186	187	258	71	1	72	9
266	150	168	168	170	246	76	2	78	20
265	237	263	263	264	265	1	1	2	0
265	208	233	233	235	238	3	2	5	27
263	215	241	241	242	243	1	1	2	20
262	207	230	230	233	234	1	3	4	28
259	157	174	174	176	248	72	2	74	11
257	139	158	158	159	238	79	1	80	19
254	204	227	227	229	230	1	2	3	24
252	202	223	223	224	225	1	1	2	27
251	222	249	249	250	251	1	1	2	0
251	176	195	195	198	220	22	3	25	31
250	187	204	204	206	236	30	2	32	14
247	203	225	225	227	228	1	2	3	19
246	220	244	244	245	246	1	1	2	0
245	218	243	243	244	245	1	1	2	0
245	137	157	157	158	222	64	1	65	23
244	197	216	216	218	222	4	2	6	22
244	132	153	153	155	213	58	2	60	31
243	193	212	212	214	216	2	2	4	27
240	213	237	237	239	240	1	2	3	0
239	211	237	237	238	239	1	1	2	0
239	161	178	178	180	202	22	2	24	37
238	156	172	172	174	200	26	2	28	38
237	171	189	189	191	212	21	2	23	25
236	196	216	216	218	219	1	2	3	17
236	126	144	144	146	202	56	2	58	34
235	180	196	196	197	221	24	1	25	14
233	129	148	148	149	212	63	1	64	21
231	168	183	183	186	208	22	3	25	23
230	184	199	199	201	202	1	2	3	28
229	186	201	201	202	203	1	1	2	26
228	164	181	181	182	208	26	1	27	20
225	200	222	222	224	225	1	2	3	0
225	181	196	196	198	199	1	2	3	26
223	191	209	209	210	211	1	1	2	12
223	188	204	204	206	207	1	2	3	16
220	189	205	205	207	208	1	2	3	12
218	92	104	104	105	178	73	1	74	40
216	147	165	165	166	190	24	1	25	26
216	108	122	122	123	179	56	1	57	37
215	178	196	196	197	198	1	1	2	17
215	172	191	191	193	194	1	2	3	21
214	170	187	187	188	189	1	1	2	25
212	91	103	103	105	178	73	2	75	34
209	190	207	207	208	209	1	1	2	0
209	179	196	196	197	198	1	1	2	11
207	153	170	170	172	178	6	2	8	29
207	144	163	163	165	176	11	2	13	31
205	166	183	183	184	185	1	1	2	20
204	122	139	139	140	192	52	1	53	12
201	128	146	146	148	164	16	2	18	37
200	152	169	169	171	178	7	2	9	22
198	109	123	123	124	184	60	1	61	14
195	173	192	192	194	195	1	2	3	0
195	154	171	171	172	178	6	1	7	17
194	159	178	178	180	181	1	2	3	13
193	148	166	166	167	168	1	1	2	25
192	145	163	163	164	176	12	1	13	16
192	125	144	144	146	162	16	2	18	30
191	141	160	160	162	174	12	2	14	17
190	162	178	178	179	180	1	1	2	10
186	167	183	183	185	186	1	2	3	0
185	142	160	160	161	162	1	1	2	23
184	146	163	163	165	166	1	2	3	18
184	143	161	161	162	163	1	1	2	21
183	100	113	113	115	146	31	2	33	37
178	158	176	176	177	178	1	1	2	0
178	149	166	166	167	168	1	1	2	10
175	134	153	153	154	155	1	1	2	20
173	135	153	153	154	155	1	1	2	18
173	127	145	145	148	149	1	3	4	24
171	123	141	141	142	143	1	1	2	28
170	151	168	168	169	170	1	1	2	0
170	107	121	121	122	148	26	1	27	22
168	130	150	150	151	152	1	1	2	16
167	124	142	142	143	144	1	1	2	23
167	121	137	137	138	150	12	1	13	17
165	114	127	127	130	152	22	3	25	13
161	138	158	158	160	161	1	2	3	0
161	71	80	80	81	120	39	1	40	41
161	82	96	96	98	120	22	2	24	41
160	117	132	132	134	135	1	2	3	25
160	89	103	103	105	120	15	2	17	40
157	115	128	128	129	130	1	1	2	27
156	133	153	153	155	156	1	2	3	0
156	94	106	106	107	134	27	1	28	22
156	88	101	101	103	122	19	2	21	34
154	131	151	151	153	154	1	2	3	0
153	119	133	133	135	136	1	2	3	17
152	110	123	123	124	125	1	1	2	27
150	120	135	135	137	138	1	2	3	12
150	76	85	85	86	108	22	1	23	42
149	105	120	120	122	123	1	2	3	26
149	84	98	98	100	120	20	2	22	29
148	75	83	83	85	120	35	2	37	28
147	66	71	71	72	120	48	1	49	27
147	50	56	56	57	120	63	1	64	27
146	79	91	91	93	116	23	2	25	30
144	113	126	126	127	128	1	1	2	16
141	39	41	41	43	120	77	2	79	21
139	72	82	82	83	100	17	1	18	39
138	62	67	67	68	98	30	1	31	40
137	95	108	108	110	111	1	2	3	26
136	102	115	115	116	120	4	1	5	16
133	116	130	130	132	133	1	2	3	0
133	56	62	62	64	120	56	2	58	13
133	73	82	82	84	102	18	2	20	31
128	98	110	110	111	112	1	1	2	16
122	104	119	119	121	122	1	2	3	0
119	93	105	105	106	107	1	1	2	12
113	99	111	111	112	113	1	1	2	0
112	97	109	109	111	112	1	2	3	0
112	70	77	77	80	102	22	3	25	10
111	96	109	109	110	111	1	1	2	0
111	78	89	89	91	92	1	2	3	19
109	42	45	45	46	68	22	1	23	41
107	24	24	24	25	66	41	1	42	41
106	77	87	87	88	89	1	1	2	17
104	87	101	101	103	104	1	2	3	0
102	86	100	100	101	102	1	1	2	0
102	85	99	99	101	102	1	2	3	0
100	27	27	27	28	66	38	1	39	34
97	81	95	95	96	97	1	1	2	0
97	69	75	75	77	78	1	2	3	19
96	67	71	71	73	76	3	2	5	20
91	63	69	69	70	71	1	1	2	20
91	59	65	65	66	67	1	1	2	24
90	35	31	31	33	80	47	2	49	10
89	64	71	71	73	74	1	2	3	15
88	60	65	65	67	68	1	2	3	20
85	31	29	29	30	68	38	1	39	17
84	52	56	56	57	58	1	1	2	26
84	25	25	25	27	66	39	2	41	18
82	21	23	23	26	44	18	3	21	38
81	55	60	60	61	62	1	1	2	19
81	49	56	56	58	59	1	2	3	22
80	48	56	56	59	60	1	3	4	20
75	68	73	73	74	75	1	1	2	0
75	20	22	22	24	52	28	2	30	23
74	54	57	57	59	60	1	2	3	14
73	65	71	71	72	73	1	1	2	0
70	53	57	57	59	60	1	2	3	10
68	61	66	66	67	68	1	1	2	0
68	44	52	52	54	55	1	2	3	13
67	57	64	64	66	67	1	2	3	0
66	58	64	64	65	66	1	1	2	0
62	22	23	23	24	44	20	1	21	18
61	43	47	47	48	49	1	1	2	12
59	33	29	29	32	33	1	3	4	26
57	47	55	55	56	57	1	1	2	0
56	46	53	53	55	56	1	2	3	0
55	30	28	28	29	44	15	1	16	11
47	23	24	24	25	26	1	1	2	21
45	11	12	12	13	14	1	1	2	31
44	26	27	27	28	29	1	1	2	15
42	38	39	39	41	42	1	2	3	0
42	29	28	28	29	30	1	1	2	12
42	14	13	13	15	16	1	2	3	26
39	16	13	13	15	16	1	2	3	23
38	37	35	35	37	38	1	2	3	0
36	36	33	33	35	36	1	2	3	0
36	1	1	1	3	4	1	2	3	32
35	19	18	18	19	20	1	1	2	15
33	34	31	31	32	33	1	1	2	0
32	7	7	7	10	11	1	3	4	21
32	9	10	10	11	12	1	1	2	20
30	15	13	13	15	16	1	2	3	14
29	12	12	12	13	14	1	1	2	15
25	8	9	9	11	12	1	2	3	13
23	2	1	1	3	4	1	2	3	19
21	5	5	5	6	7	1	1	2	14
21	3	1	1	3	4	1	2	3	17
18	17	16	16	17	18	1	1	2	0
15	13	12	12	14	15	1	2	3	0
10	6	7	7	9	10	1	2	3	0
5	4	3	3	4	5	1	1	2	0


Total Orders: 709 [ODG: 95, ODN: 92, OT: 104, OVC: 111, OVG: 105, OVN: 113, COMBO: 89]
Total Chefs: 25 [CS: 10, CN: 15]
Total Scooters: 2

Finished Orders: 96.756% 
Cancelled Orders: 3.244%

Overwait Threshold: 20
Overwait OVG Orders: 12.271%
Rescue Scooters Deployed: 9

Averages for Finished Orders => Ti: 224.994, TC: 1.603, Tw: 226.598, Tserv: 20.064

Scooters Utilization: 81.904%
Chefs Utilization: 1.637%
